time_ms , set_point , flow_3300 , flow_3400 , total , control_effort , new_goal_position
0.00 , 140.000000 , 126.466682 , 0.005700 , 126.472382 , -12175 , -12175
15081.00 , 140.000000 , 124.860664 , 12.040199 , 136.900864 , -1827 , -14002
16707.00 , 140.000000 , 126.340019 , 14.381503 , 140.721527 , 835 , -13167
17828.00 , 140.000000 , 124.626015 , 13.148098 , 137.774109 , -2102 , -15269
19549.00 , 140.000000 , 126.519325 , 15.624098 , 142.143417 , 2126 , -13143
21281.00 , 140.000000 , 125.851974 , 13.162701 , 139.014679 , -1084 , -14227
22531.00 , 140.000000 , 124.723381 , 14.651202 , 139.374588 , -444 , -14671
23348.00 , 140.000000 , 124.883987 , 15.149502 , 140.033493 , 69 , -14602
23717.00 , 140.000000 , 125.065353 , 14.896201 , 139.961548 , -55 , -14657
24054.00 , 140.000000 , 125.588669 , 15.055201 , 140.643875 , 591 , -14066
25006.00 , 140.000000 , 125.346672 , 14.439301 , 139.785980 , -242 , -14308
25623.00 , 140.000000 , 126.609337 , 14.739902 , 141.349243 , 1237 , -13071
26973.00 , 140.000000 , 126.127335 , 13.049297 , 139.176636 , -877 , -13948
28119.00 , 140.000000 , 126.081322 , 14.320299 , 140.401627 , 462 , -13486
28953.00 , 140.000000 , 126.036682 , 13.590001 , 139.626678 , -395 , -13881
29744.00 , 140.000000 , 126.216629 , 14.128099 , 140.344727 , 352 , -13529
30478.00 , 140.000000 , 126.050652 , 13.586802 , 139.637451 , -370 , -13899
31230.00 , 140.000000 , 126.711334 , 14.236502 , 140.947830 , 904 , -12995
32375.00 , 140.000000 , 125.545303 , 12.914599 , 138.459900 , -1492 , -14487
33834.00 , 140.000000 , 123.297333 , 14.933401 , 138.230728 , -1431 , -15918
35280.00 , 140.000000 , 123.566673 , 16.445103 , 140.011780 , 130 , -15788
35745.00 , 140.000000 , 125.812004 , 16.291000 , 142.102997 , 1879 , -13909
37393.00 , 140.000000 , 127.095314 , 14.145398 , 141.240707 , 944 , -12965
38563.00 , 140.000000 , 125.113312 , 12.937201 , 138.050507 , -1852 , -14817
40182.00 , 140.000000 , 125.157997 , 15.310801 , 140.468796 , 610 , -14207
41133.00 , 140.000000 , 126.062004 , 14.650000 , 140.712006 , 587 , -13620
42083.00 , 140.000000 , 124.773987 , 13.764698 , 138.538681 , -1386 , -15006
43491.00 , 140.000000 , 125.562645 , 15.452301 , 141.014954 , 1047 , -13959
44738.00 , 140.000000 , 124.636673 , 14.324998 , 138.961670 , -1025 , -14984
45972.00 , 140.000000 , 127.333344 , 15.365698 , 142.699036 , 2511 , -12473
47867.00 , 140.000000 , 126.913986 , 12.439301 , 139.353287 , -816 , -13289
48958.00 , 140.000000 , 125.416008 , 13.382799 , 138.798813 , -1006 , -14295
50165.00 , 140.000000 , 125.334694 , 14.779499 , 140.114197 , 213 , -14082
50763.00 , 140.000000 , 127.212669 , 14.446001 , 141.658676 , 1465 , -12617
52225.00 , 140.000000 , 126.262009 , 12.531900 , 138.793915 , -1239 , -13856
53576.00 , 140.000000 , 126.793343 , 14.084997 , 140.878342 , 913 , -12943
54744.00 , 140.000000 , 125.258675 , 12.904703 , 138.163376 , -1748 , -14691
56319.00 , 140.000000 , 126.575348 , 15.229798 , 141.805145 , 1809 , -12882
57937.00 , 140.000000 , 125.971992 , 12.844198 , 138.816193 , -1257 , -14139
59297.00 , 140.000000 , 126.853333 , 14.549102 , 141.402435 , 1397 , -12742
60727.00 , 160.000000 , 137.682037 , 12.598601 , 150.280640 , -8904 , -21646
68537.00 , 160.000000 , 137.492676 , 22.241600 , 159.734283 , 531 , -21115
69444.00 , 160.000000 , 137.164017 , 21.814898 , 158.978912 , -954 , -22069
70620.00 , 160.000000 , 135.903336 , 22.702604 , 158.605942 , -1185 , -23254
71942.00 , 160.000000 , 137.919327 , 23.963100 , 161.882431 , 1793 , -21461
73553.00 , 160.000000 , 136.826004 , 22.082403 , 158.908401 , -1134 , -22595
74831.00 , 160.000000 , 137.009979 , 23.249599 , 160.259583 , 325 , -22270
75555.00 , 160.000000 , 139.402649 , 22.857803 , 162.260452 , 2001 , -20269
77253.00 , 160.000000 , 138.143982 , 20.782104 , 158.926086 , -1133 , -21402
78547.00 , 160.000000 , 137.503998 , 21.961000 , 159.464996 , -388 , -21790
79315.00 , 160.000000 , 136.592682 , 22.387701 , 158.980377 , -884 , -22674
80449.00 , 160.000000 , 136.860641 , 23.219196 , 160.079834 , 137 , -22537
80942.00 , 160.000000 , 135.842651 , 23.185701 , 159.028351 , -878 , -23415
82073.00 , 160.000000 , 137.598648 , 23.927004 , 161.525650 , 1431 , -21984
83519.00 , 160.000000 , 136.503326 , 22.482903 , 158.986237 , -1029 , -23013
84755.00 , 160.000000 , 136.511978 , 23.631098 , 160.143082 , 219 , -22794
85361.00 , 160.000000 , 138.222672 , 23.395699 , 161.618378 , 1436 , -21358
86793.00 , 160.000000 , 136.870026 , 22.123501 , 158.993530 , -1008 , -22366
88001.00 , 160.000000 , 136.216675 , 22.854599 , 159.071274 , -778 , -23144
89068.00 , 160.000000 , 136.327347 , 23.729797 , 160.057144 , 120 , -23024
89518.00 , 160.000000 , 137.334000 , 23.573698 , 160.907700 , 803 , -22221
90618.00 , 160.000000 , 136.481995 , 22.770500 , 159.252502 , -738 , -22959
91659.00 , 160.000000 , 136.891983 , 23.546999 , 160.438980 , 455 , -22504
92504.00 , 160.000000 , 137.621292 , 23.228096 , 160.849396 , 737 , -21767
93560.00 , 160.000000 , 137.158707 , 22.407402 , 159.566101 , -457 , -22224
94406.00 , 160.000000 , 137.292664 , 22.758596 , 160.051254 , 72 , -22152
94766.00 , 160.000000 , 136.569992 , 22.709698 , 159.279694 , -653 , -22805
95765.00 , 160.000000 , 137.288696 , 23.322105 , 160.610809 , 597 , -22208
96722.00 , 160.000000 , 136.496002 , 22.817305 , 159.313309 , -659 , -22867
97725.00 , 160.000000 , 136.746658 , 23.370703 , 160.117355 , 148 , -22719
98219.00 , 160.000000 , 137.121323 , 23.359098 , 160.480423 , 430 , -22289
99025.00 , 160.000000 , 135.826675 , 22.978594 , 158.805267 , -1107 , -23396
100305.00 , 160.000000 , 135.916672 , 23.952194 , 159.868866 , -41 , -23437
100605.00 , 160.000000 , 137.044006 , 23.986696 , 161.030701 , 929 , -22508
101782.00 , 160.000000 , 136.654007 , 23.208002 , 159.862015 , -187 , -22695
102347.00 , 160.000000 , 135.967331 , 23.317394 , 159.284729 , -636 , -23331
103317.00 , 160.000000 , 138.081985 , 23.886002 , 161.967987 , 1815 , -21516
104938.00 , 160.000000 , 136.835999 , 22.214197 , 159.050201 , -989 , -22505
106151.00 , 160.000000 , 136.362671 , 23.214500 , 159.577179 , -301 , -22806
106850.00 , 160.000000 , 137.605316 , 23.437500 , 161.042816 , 955 , -21851
108044.00 , 160.000000 , 136.958679 , 22.485100 , 159.443787 , -578 , -22429
108971.00 , 160.000000 , 135.289993 , 23.068897 , 158.358887 , -1431 , -23860
110418.00 , 160.000000 , 136.256027 , 24.410696 , 160.666718 , 706 , -23154
111436.00 , 160.000000 , 137.252014 , 23.706203 , 160.958221 , 804 , -22350
112520.00 , 160.000000 , 137.332642 , 22.861902 , 160.194550 , 106 , -22244
112946.00 , 160.000000 , 136.920013 , 22.850201 , 159.770218 , -209 , -22453
113540.00 , 160.000000 , 136.798004 , 23.050295 , 159.848297 , -121 , -22574
114006.00 , 160.000000 , 135.900055 , 23.138300 , 159.038361 , -859 , -23433
115142.00 , 160.000000 , 136.798645 , 24.025501 , 160.824142 , 811 , -22622
116246.00 , 160.000000 , 137.335312 , 23.358702 , 160.694016 , 569 , -22053
117183.00 , 160.000000 , 136.670670 , 22.704494 , 159.375168 , -616 , -22669
118137.00 , 160.000000 , 136.699997 , 23.251699 , 159.951691 , -1 , -22670
118238.00 , 160.000000 , 137.262680 , 23.308901 , 160.571579 , 517 , -22153
119134.00 , 160.000000 , 136.529358 , 22.639198 , 159.168549 , -803 , -22956
120234.00 , 180.000000 , 163.050690 , 23.000498 , 186.051193 , 5473 , -17483
128621.00 , 180.000000 , 162.842651 , 17.732700 , 180.575348 , 95 , -17388
129043.00 , 180.000000 , 163.314651 , 17.574102 , 180.888748 , 786 , -16602
130114.00 , 180.000000 , 162.909317 , 16.829700 , 179.739014 , -295 , -16897
130807.00 , 180.000000 , 162.774658 , 16.980003 , 179.754669 , -209 , -17106
131401.00 , 180.000000 , 162.990646 , 17.254801 , 180.245453 , 241 , -16865
132033.00 , 180.000000 , 163.996674 , 17.045200 , 181.041870 , 919 , -15946
133204.00 , 180.000000 , 161.717377 , 16.135498 , 177.852875 , -2006 , -17952
134887.00 , 180.000000 , 161.510666 , 18.137402 , 179.648071 , -157 , -18109
135410.00 , 180.000000 , 164.813324 , 18.293301 , 183.106628 , 2807 , -15302
137409.00 , 180.000000 , 163.601334 , 15.273800 , 178.875137 , -1254 , -16556
138750.00 , 180.000000 , 163.132004 , 16.628799 , 179.760803 , -107 , -16663
139193.00 , 180.000000 , 164.128006 , 16.843302 , 180.971313 , 890 , -15773
140331.00 , 180.000000 , 163.093994 , 15.879199 , 178.973190 , -1002 , -16775
141535.00 , 180.000000 , 163.150024 , 16.928699 , 180.078720 , 153 , -16622
142052.00 , 180.000000 , 163.880676 , 16.806202 , 180.686874 , 607 , -16015
143017.00 , 180.000000 , 164.075974 , 16.151598 , 180.227570 , 151 , -15864
143531.00 , 180.000000 , 163.697968 , 16.009701 , 179.707672 , -275 , -16139
144202.00 , 180.000000 , 164.102661 , 16.263300 , 180.365967 , 348 , -15791
144932.00 , 180.000000 , 161.645996 , 15.923801 , 177.569794 , -2215 , -18006
146715.00 , 180.000000 , 162.381348 , 18.156902 , 180.538254 , 662 , -17344
147703.00 , 180.000000 , 162.721313 , 17.563400 , 180.284714 , 207 , -17137
148294.00 , 180.000000 , 163.302689 , 17.285297 , 180.587982 , 505 , -16632
149180.00 , 180.000000 , 162.364685 , 16.862202 , 179.226883 , -730 , -17362
150215.00 , 180.000000 , 162.661987 , 17.545500 , 180.207489 , 240 , -17122
150830.00 , 180.000000 , 161.701355 , 17.261602 , 178.962952 , -957 , -18079
152025.00 , 180.000000 , 163.217331 , 18.300800 , 181.518127 , 1448 , -16631
153463.00 , 180.000000 , 163.914673 , 16.774597 , 180.689270 , 497 , -16134
154343.00 , 180.000000 , 163.635345 , 16.293200 , 179.928543 , -103 , -16237
154778.00 , 180.000000 , 161.791992 , 16.411198 , 178.203186 , -1608 , -17845
156290.00 , 180.000000 , 163.293365 , 18.047203 , 181.340576 , 1336 , -16509
157673.00 , 180.000000 , 163.633331 , 16.706100 , 180.339432 , 197 , -16312
158251.00 , 180.000000 , 162.465317 , 16.482298 , 178.947617 , -966 , -17278
159434.00 , 180.000000 , 163.361343 , 17.596703 , 180.958038 , 950 , -16328
160608.00 , 180.000000 , 163.087341 , 16.475599 , 179.562943 , -484 , -16812
161460.00 , 180.000000 , 163.904007 , 16.896700 , 180.800705 , 753 , -16059
162527.00 , 180.000000 , 163.026031 , 16.277901 , 179.303925 , -676 , -16735
163525.00 , 180.000000 , 162.959991 , 16.786200 , 179.746185 , -188 , -16923
164075.00 , 180.000000 , 163.509354 , 17.078400 , 180.587753 , 551 , -16372
164998.00 , 180.000000 , 163.640671 , 16.565201 , 180.205872 , 143 , -16229
165500.00 , 180.000000 , 163.270691 , 16.395601 , 179.666290 , -314 , -16543
166196.00 , 180.000000 , 163.417343 , 16.621302 , 180.038651 , 51 , -16492
166523.00 , 180.000000 , 164.014664 , 16.665001 , 180.679657 , 614 , -15878
167476.00 , 180.000000 , 163.624680 , 16.037203 , 179.661880 , -355 , -16233
168229.00 , 180.000000 , 163.072693 , 16.383200 , 179.455887 , -463 , -16696
169079.00 , 180.000000 , 163.803345 , 16.886803 , 180.690155 , 660 , -16036
170066.00 , 180.000000 , 162.914673 , 16.139999 , 179.054672 , -911 , -16947
171234.00 , 180.000000 , 160.967346 , 17.043804 , 178.011154 , -1718 , -18665
172795.00 , 180.000000 , 162.286667 , 18.910599 , 181.197266 , 1225 , -17440
174137.00 , 180.000000 , 162.346664 , 17.667700 , 180.014359 , -87 , -17527
174543.00 , 180.000000 , 162.583344 , 17.780001 , 180.363342 , 334 , -17193
175260.00 , 180.000000 , 162.847305 , 17.430601 , 180.277908 , 221 , -16972
175868.00 , 180.000000 , 162.457336 , 17.126099 , 179.583435 , -400 , -17372
176646.00 , 180.000000 , 163.230667 , 17.636799 , 180.867462 , 820 , -16552
177740.00 , 180.000000 , 162.423340 , 16.784800 , 179.208145 , -781 , -17333
178826.00 , 180.000000 , 163.527359 , 17.528500 , 181.055862 , 1008 , -16325
180034.00 , 200.000000 , 182.337952 , 16.165499 , 198.503448 , -1456 , -17781
185964.00 , 200.000000 , 181.545319 , 17.598200 , 199.143524 , -657 , -18438
186964.00 , 200.000000 , 180.419998 , 18.312901 , 198.732895 , -1084 , -19522
188215.00 , 200.000000 , 181.205353 , 19.320398 , 200.525757 , 552 , -18970
189121.00 , 200.000000 , 180.969330 , 18.756500 , 199.725830 , -293 , -19263
189812.00 , 200.000000 , 180.612015 , 19.174902 , 199.786911 , -159 , -19422
190338.00 , 200.000000 , 181.106674 , 19.248398 , 200.355072 , 324 , -19098
191045.00 , 200.000000 , 179.984665 , 19.142502 , 199.127167 , -795 , -19893
192139.00 , 200.000000 , 180.033997 , 19.770597 , 199.804596 , -126 , -20019
192599.00 , 200.000000 , 179.895309 , 19.740101 , 199.635406 , -331 , -20350
193329.00 , 200.000000 , 181.075333 , 20.181097 , 201.256424 , 1164 , -19186
194623.00 , 200.000000 , 180.564682 , 19.142097 , 199.706787 , -348 , -19534
195353.00 , 200.000000 , 181.836014 , 19.310999 , 201.147018 , 1044 , -18490
196581.00 , 200.000000 , 181.754669 , 18.305500 , 200.060165 , -27 , -18517
196837.00 , 200.000000 , 182.556015 , 18.494499 , 201.050507 , 959 , -17558
198032.00 , 200.000000 , 180.900681 , 17.394201 , 198.294876 , -1623 , -19181
199568.00 , 200.000000 , 179.398010 , 19.040699 , 198.438705 , -1274 , -20455
200920.00 , 200.000000 , 180.877975 , 20.320000 , 201.197968 , 1179 , -19276
202238.00 , 200.000000 , 179.608688 , 19.130196 , 198.738892 , -1231 , -20507
203584.00 , 200.000000 , 180.325333 , 20.280102 , 200.605438 , 635 , -19872
204570.00 , 200.000000 , 182.265991 , 19.741199 , 202.007187 , 1762 , -18110
206151.00 , 200.000000 , 180.257339 , 17.991400 , 198.248734 , -1717 , -19827
207729.00 , 200.000000 , 179.260681 , 19.728399 , 198.989075 , -772 , -20599
208792.00 , 200.000000 , 181.391998 , 20.454298 , 201.846298 , 1718 , -18881
210354.00 , 200.000000 , 180.708694 , 18.831497 , 199.540192 , -544 , -19425
211254.00 , 200.000000 , 181.675980 , 19.326601 , 201.002579 , 940 , -18485
212421.00 , 200.000000 , 180.598007 , 18.410803 , 199.008804 , -966 , -19451
213604.00 , 200.000000 , 182.443970 , 19.416798 , 201.860764 , 1754 , -17697
215181.00 , 200.000000 , 182.776657 , 17.520201 , 200.296860 , 114 , -17583
215621.00 , 200.000000 , 183.101334 , 17.427898 , 200.529236 , 467 , -17116
216476.00 , 200.000000 , 183.360016 , 16.980501 , 200.340515 , 269 , -16847
217141.00 , 200.000000 , 181.990021 , 16.720997 , 198.711014 , -1181 , -18028
218460.00 , 200.000000 , 181.920670 , 17.956497 , 199.877167 , -12 , -18040
218640.00 , 200.000000 , 181.769958 , 17.962099 , 199.732056 , -241 , -18281
219273.00 , 200.000000 , 181.441345 , 18.178699 , 199.620041 , -325 , -18606
219996.00 , 200.000000 , 183.576645 , 18.563297 , 202.139938 , 1955 , -16651
221676.00 , 200.000000 , 182.653336 , 16.528999 , 199.182343 , -899 , -17550
222835.00 , 200.000000 , 180.825989 , 17.375399 , 198.201385 , -1552 , -19102
224322.00 , 200.000000 , 181.711349 , 18.971596 , 200.682953 , 741 , -18361
225380.00 , 200.000000 , 181.611328 , 18.252296 , 199.863617 , -181 , -18542
225937.00 , 200.000000 , 181.920639 , 18.360098 , 200.280731 , 260 , -18282
226575.00 , 200.000000 , 180.707306 , 18.222103 , 198.929413 , -975 , -19257
227781.00 , 200.000000 , 181.649353 , 19.078299 , 200.727646 , 722 , -18535
228810.00 , 200.000000 , 180.705383 , 18.511099 , 199.216476 , -751 , -19286
229876.00 , 200.000000 , 182.108658 , 18.990402 , 201.099060 , 1026 , -18260
231094.00 , 200.000000 , 181.569336 , 18.105703 , 199.675034 , -364 , -18624
231840.00 , 200.000000 , 181.606018 , 18.648499 , 200.254517 , 271 , -18353
232507.00 , 200.000000 , 180.663315 , 18.323200 , 198.986511 , -939 , -19292
233691.00 , 200.000000 , 182.000626 , 19.180799 , 201.181427 , 1130 , -18162
234967.00 , 200.000000 , 181.835312 , 18.082598 , 199.917908 , -162 , -18324
235481.00 , 200.000000 , 182.229309 , 18.215298 , 200.444611 , 409 , -17915
236285.00 , 200.000000 , 181.102005 , 17.829002 , 198.931000 , -994 , -18909
237485.00 , 200.000000 , 181.531967 , 18.724499 , 200.256470 , 301 , -18608
238184.00 , 200.000000 , 179.032654 , 18.521997 , 197.554657 , -2218 , -20826
239951.00 , 200.000000 , 181.860657 , 20.708298 , 202.568954 , 2485 , -18341
241836.00 , 220.000000 , 194.224625 , 17.878202 , 212.102829 , -7335 , -25676
249467.00 , 220.000000 , 192.270691 , 24.756996 , 217.027679 , -2126 , -27802
251198.00 , 220.000000 , 193.919983 , 26.619501 , 220.539490 , 632 , -27170
252165.00 , 220.000000 , 192.787994 , 25.893198 , 218.681198 , -1246 , -28416
253502.00 , 220.000000 , 193.393341 , 27.300200 , 220.693542 , 735 , -27681
254557.00 , 220.000000 , 192.735336 , 26.517097 , 219.252441 , -737 , -28418
255614.00 , 220.000000 , 190.708649 , 27.137697 , 217.846344 , -1890 , -30308
257249.00 , 220.000000 , 192.463364 , 28.618902 , 221.082260 , 1090 , -29218
258503.00 , 220.000000 , 191.449982 , 27.886803 , 219.336792 , -657 , -29875
259504.00 , 220.000000 , 192.127991 , 28.330297 , 220.458282 , 446 , -29429
260324.00 , 220.000000 , 193.189316 , 27.982500 , 221.171814 , 1025 , -28404
261558.00 , 220.000000 , 192.497360 , 26.939194 , 219.436554 , -592 , -28996
262495.00 , 220.000000 , 192.400650 , 27.652798 , 220.053452 , 103 , -28893
262931.00 , 220.000000 , 191.532654 , 27.666101 , 219.198761 , -721 , -29614
263977.00 , 220.000000 , 192.389343 , 27.950401 , 220.339752 , 326 , -29288
264686.00 , 220.000000 , 191.697983 , 27.885796 , 219.583771 , -381 , -29669
265463.00 , 220.000000 , 191.395355 , 28.038504 , 219.433853 , -499 , -30168
266344.00 , 220.000000 , 193.745972 , 28.581697 , 222.327667 , 2136 , -28032
268079.00 , 220.000000 , 193.186020 , 26.799397 , 219.985413 , -157 , -28189
268602.00 , 220.000000 , 192.452026 , 26.889902 , 219.341934 , -586 , -28775
269535.00 , 220.000000 , 190.952637 , 27.588604 , 218.541245 , -1258 , -30033
270878.00 , 220.000000 , 191.649994 , 28.390903 , 220.040894 , 99 , -29934
271307.00 , 220.000000 , 191.470657 , 28.222797 , 219.693451 , -291 , -30225
271996.00 , 220.000000 , 191.341324 , 28.525402 , 219.866730 , -97 , -30322
272420.00 , 220.000000 , 191.152008 , 28.695599 , 219.847610 , -125 , -30447
272894.00 , 220.000000 , 192.039337 , 28.762093 , 220.801422 , 724 , -29723
273925.00 , 220.000000 , 192.072678 , 28.341700 , 220.414383 , 337 , -29386
274661.00 , 220.000000 , 194.115311 , 27.959604 , 222.074921 , 1835 , -27551
276290.00 , 220.000000 , 192.251373 , 26.260401 , 218.511780 , -1477 , -29028
277759.00 , 220.000000 , 193.511322 , 27.611902 , 221.123230 , 1117 , -27911
279044.00 , 220.000000 , 193.081985 , 26.734703 , 219.816681 , -236 , -28147
279654.00 , 220.000000 , 190.881393 , 27.133699 , 218.015091 , -1756 , -29903
281232.00 , 220.000000 , 192.098679 , 28.366594 , 220.465271 , 515 , -29388
282126.00 , 220.000000 , 192.407990 , 27.897102 , 220.305084 , 235 , -29153
282752.00 , 220.000000 , 192.371323 , 27.749495 , 220.120819 , 95 , -29058
283173.00 , 220.000000 , 191.299362 , 27.714399 , 219.013763 , -892 , -29950
284311.00 , 220.000000 , 191.968002 , 28.351398 , 220.319397 , 336 , -29614
285030.00 , 220.000000 , 192.200668 , 28.019897 , 220.220566 , 170 , -29444
285555.00 , 220.000000 , 192.397339 , 28.100899 , 220.498230 , 453 , -28991
286398.00 , 220.000000 , 192.543320 , 27.381798 , 219.925110 , -126 , -29117
286858.00 , 220.000000 , 191.840698 , 27.642500 , 219.483200 , -446 , -29563
287678.00 , 220.000000 , 191.658691 , 28.016697 , 219.675385 , -263 , -29826
288336.00 , 220.000000 , 192.425339 , 28.208202 , 220.633545 , 583 , -29243
289283.00 , 220.000000 , 191.525955 , 27.825798 , 219.351746 , -615 , -29858
290254.00 , 220.000000 , 191.404022 , 28.337597 , 219.741623 , -193 , -30051
290827.00 , 220.000000 , 190.797318 , 28.473400 , 219.270721 , -647 , -30698
291821.00 , 220.000000 , 191.804687 , 29.029503 , 220.834198 , 793 , -29905
292915.00 , 220.000000 , 191.487305 , 28.478699 , 219.966003 , -76 , -29981
293284.00 , 220.000000 , 190.903320 , 28.350290 , 219.253616 , -683 , -30664
294304.00 , 220.000000 , 192.358704 , 28.843203 , 221.201904 , 1119 , -29545
295591.00 , 220.000000 , 193.088669 , 28.052498 , 221.141174 , 962 , -28583
296772.00 , 220.000000 , 191.586685 , 27.438396 , 219.025085 , -928 , -29511
297933.00 , 220.000000 , 191.554001 , 28.051199 , 219.605194 , -308 , -29819
298623.00 , 220.000000 , 193.374008 , 28.331604 , 221.705612 , 1555 , -28264
300128.00 , 240.000000 , 216.767319 , 26.088202 , 242.855515 , 2388 , -25876
306713.00 , 240.000000 , 218.072693 , 24.100204 , 242.172897 , 1795 , -24081
308325.00 , 240.000000 , 215.603989 , 22.565195 , 238.169189 , -1772 , -25853
309910.00 , 240.000000 , 218.161362 , 24.051497 , 242.212860 , 2109 , -23744
311652.00 , 240.000000 , 216.122650 , 22.169199 , 238.291855 , -1689 , -25433
313218.00 , 240.000000 , 216.622009 , 23.580400 , 240.202408 , 293 , -25140
313909.00 , 240.000000 , 218.347351 , 23.478001 , 241.825348 , 1633 , -23507
315450.00 , 240.000000 , 216.611343 , 22.087002 , 238.698349 , -1284 , -24791
316807.00 , 240.000000 , 217.196014 , 23.067503 , 240.263519 , 314 , -24477
317503.00 , 240.000000 , 216.330658 , 22.879501 , 239.210159 , -727 , -25204
318553.00 , 240.000000 , 216.594666 , 23.414597 , 240.009262 , 49 , -25155
318874.00 , 240.000000 , 217.459976 , 23.473396 , 240.933380 , 843 , -24312
320000.00 , 240.000000 , 216.545975 , 22.741096 , 239.287079 , -701 , -25013
321031.00 , 240.000000 , 216.365326 , 23.233498 , 239.598816 , -323 , -25336
321753.00 , 240.000000 , 217.710663 , 23.675997 , 241.386658 , 1281 , -24055
323125.00 , 240.000000 , 217.687347 , 22.563200 , 240.250549 , 135 , -23920
323615.00 , 240.000000 , 215.780716 , 22.457695 , 238.238403 , -1595 , -25515
325138.00 , 240.000000 , 216.672699 , 23.714794 , 240.387497 , 447 , -25068
325976.00 , 240.000000 , 217.733337 , 23.426702 , 241.160034 , 1019 , -24049
327206.00 , 240.000000 , 217.323334 , 22.535906 , 239.859238 , -199 , -24248
327787.00 , 240.000000 , 216.155334 , 22.639097 , 238.794434 , -1078 , -25326
329034.00 , 240.000000 , 216.363297 , 23.529800 , 239.893097 , -26 , -25352
329272.00 , 240.000000 , 218.384674 , 23.564400 , 241.949066 , 1755 , -23597
330867.00 , 240.000000 , 216.439331 , 22.038601 , 238.477936 , -1493 , -25090
332343.00 , 240.000000 , 217.053940 , 23.317802 , 240.371735 , 435 , -24655
333170.00 , 240.000000 , 217.253296 , 22.973404 , 240.226700 , 175 , -24480
333719.00 , 240.000000 , 217.754623 , 22.784500 , 240.539124 , 468 , -24012
334558.00 , 240.000000 , 216.404648 , 22.461397 , 238.866043 , -1047 , -25059
335805.00 , 240.000000 , 218.279373 , 23.343704 , 241.623077 , 1529 , -23530
337298.00 , 240.000000 , 216.398666 , 22.007702 , 238.406372 , -1542 , -25072
338780.00 , 240.000000 , 218.391968 , 23.290804 , 241.682770 , 1615 , -23457
340313.00 , 240.000000 , 218.606018 , 21.987995 , 240.594009 , 429 , -23028
341134.00 , 240.000000 , 216.560684 , 21.613298 , 238.173981 , -1674 , -24702
342676.00 , 240.000000 , 216.466003 , 22.989799 , 239.455811 , -381 , -25083
343454.00 , 240.000000 , 217.343323 , 23.260103 , 240.603424 , 563 , -24520
344386.00 , 240.000000 , 217.047348 , 22.920904 , 239.968246 , -57 , -24577
344727.00 , 240.000000 , 216.506699 , 22.931402 , 239.438095 , -506 , -25083
345597.00 , 240.000000 , 215.817963 , 23.316399 , 239.134369 , -749 , -25832
346662.00 , 240.000000 , 217.326736 , 23.893896 , 241.220627 , 1143 , -24689
347962.00 , 240.000000 , 217.319977 , 23.192303 , 240.512283 , 403 , -24286
348761.00 , 240.000000 , 215.998001 , 22.665701 , 238.663696 , -1246 , -25532
350098.00 , 240.000000 , 217.252640 , 23.703299 , 240.955933 , 941 , -24591
351284.00 , 240.000000 , 216.742661 , 23.157000 , 239.899658 , -135 , -24726
351773.00 , 240.000000 , 216.956680 , 23.007700 , 239.964386 , -45 , -24771
352084.00 , 240.000000 , 217.138672 , 23.000696 , 240.139374 , 123 , -24648
352555.00 , 240.000000 , 217.981323 , 23.218599 , 241.199921 , 1095 , -23553
353829.00 , 240.000000 , 217.027328 , 21.955200 , 238.982529 , -1018 , -24571
355042.00 , 240.000000 , 219.531998 , 23.010300 , 242.542297 , 2371 , -22200
356884.00 , 240.000000 , 217.189941 , 20.929398 , 238.119339 , -1860 , -24060
358507.00 , 240.000000 , 217.237320 , 22.491499 , 239.728821 , -120 , -24180
358957.00 , 240.000000 , 218.357346 , 22.617699 , 240.975037 , 886 , -23294
FLOW PATTERN ENDED AT 360093 ms, CLOSING VALVES
Closing Motors to Restart
