ÍCode start.
***
***
***
MAKE SURE ALL VALVES ARE CLOSED!!!!!!
Type 'on' to start the script...
Invalid command. Please type 'on' to start the script.
Script started.

Input your flow pattern.

Flow rates in SLPM, duration in minutes.

Flow patterns should be of the form [flow rate 1 , duration 1 ; flow rate 2 , duration 2 ; .... ; flow rate n , duration n].

All parameters must be valid numbers. Spaces around , and ; are optional.

You inputted the following flow pattern: [0.0275,1;0.275,6]
data_begin
time_ms , set_point , flow_3300 , flow_3400 , total , control_effort , new_goal_position
0.00 , 0.027500 , 0.000000 , -0.000300 , -0.000300 , -25 , -25
249.00 , 0.027500 , 0.000000 , 0.000000 , 0.000000 , -24 , -49
479.00 , 0.027500 , 0.000000 , -0.000200 , -0.000200 , -24 , -73
710.00 , 0.027500 , 0.000000 , -0.000500 , -0.000500 , -25 , -98
958.00 , 0.027500 , 0.000000 , 0.000000 , 0.000000 , -24 , -122
1189.00 , 0.027500 , 0.000000 , 0.000100 , 0.000100 , -24 , -146
1420.00 , 0.027500 , 0.000000 , -0.000400 , -0.000400 , -25 , -171
1668.00 , 0.027500 , 0.000000 , -0.000100 , -0.000100 , -24 , -195
1899.00 , 0.027500 , 0.000000 , 0.000200 , 0.000200 , -24 , -219
2130.00 , 0.027500 , 0.000000 , 0.000200 , 0.000200 , -24 , -243
2361.00 , 0.027500 , 0.000000 , 0.000300 , 0.000300 , -24 , -267
2592.00 , 0.027500 , 0.000000 , 0.000100 , 0.000100 , -24 , -291
2823.00 , 0.027500 , 0.000000 , 0.000000 , 0.000000 , -24 , -315
3054.00 , 0.027500 , 0.000000 , 0.000300 , 0.000300 , -24 , -339
3285.00 , 0.027500 , 0.000000 , 0.000300 , 0.000300 , -24 , -363
3516.00 , 0.027500 , 0.000000 , 0.000400 , 0.000400 , -24 , -387
3747.00 , 0.027500 , 0.000000 , 0.000500 , 0.000500 , -24 , -411
3978.00 , 0.027500 , 0.000000 , 0.000700 , 0.000700 , -24 , -435
4209.00 , 0.027500 , 0.000000 , 0.000800 , 0.000800 , -24 , -459
4440.00 , 0.027500 , 0.000000 , 0.000400 , 0.000400 , -24 , -483
4671.00 , 0.027500 , 0.000000 , 0.001200 , 0.001200 , -23 , -506
4912.00 , 0.027500 , 0.000000 , 0.002400 , 0.002400 , -22 , -528
5135.00 , 0.027500 , 0.000000 , 0.002200 , 0.002200 , -22 , -550
5358.00 , 0.027500 , 0.000000 , 0.002800 , 0.002800 , -22 , -572
5581.00 , 0.027500 , 0.000000 , 0.003400 , 0.003400 , -21 , -593
5814.00 , 0.027500 , 0.000000 , 0.004100 , 0.004100 , -21 , -614
6047.00 , 0.027500 , 0.000000 , 0.004400 , 0.004400 , -20 , -634
6263.00 , 0.027500 , 0.000000 , 0.005100 , 0.005100 , -20 , -654
6478.00 , 0.027500 , 0.000000 , 0.005100 , 0.005100 , -20 , -674
6693.00 , 0.027500 , 0.000000 , 0.005000 , 0.005000 , -20 , -694
6908.00 , 0.027500 , 0.000000 , 0.005600 , 0.005600 , -19 , -713
7132.00 , 0.027500 , 0.000000 , 0.006200 , 0.006200 , -19 , -732
7357.00 , 0.027500 , 0.000000 , 0.006500 , 0.006500 , -18 , -750
7564.00 , 0.027500 , 0.000000 , 0.007800 , 0.007800 , -17 , -767
7780.00 , 0.027500 , 0.000000 , 0.009200 , 0.009200 , -16 , -783
7979.00 , 0.027500 , 0.000000 , 0.009400 , 0.009400 , -16 , -799
8178.00 , 0.027500 , 0.000000 , 0.010200 , 0.010200 , -15 , -814
8385.00 , 0.027500 , 0.000000 , 0.010500 , 0.010500 , -15 , -829
8592.00 , 0.027500 , 0.000000 , 0.011300 , 0.011300 , -14 , -843
8782.00 , 0.027500 , 0.000000 , 0.013300 , 0.013300 , -12 , -855
8962.00 , 0.027500 , 0.000000 , 0.014600 , 0.014600 , -11 , -866
9149.00 , 0.027500 , 0.000000 , 0.015100 , 0.015100 , -11 , -877
9336.00 , 0.027500 , 0.000000 , 0.015500 , 0.015500 , -10 , -887
9505.00 , 0.027500 , 0.000000 , 0.016800 , 0.016800 , -9 , -896
9680.00 , 0.027500 , 0.000000 , 0.018400 , 0.018400 , -8 , -904
9838.00 , 0.027500 , 0.000000 , 0.019200 , 0.019200 , -7 , -911
10000.00 , 0.027500 , 0.000000 , 0.019700 , 0.019700 , -7 , -918
10162.00 , 0.027500 , 0.000000 , 0.019900 , 0.019900 , -6 , -924
10307.00 , 0.027500 , 0.000000 , 0.020400 , 0.020400 , -6 , -930
10452.00 , 0.027500 , 0.000000 , 0.021000 , 0.021000 , -5 , -935
10599.00 , 0.027500 , 0.000000 , 0.021700 , 0.021700 , -5 , -940
10746.00 , 0.027500 , 0.000000 , 0.023900 , 0.023900 , -3 , -943
10875.00 , 0.027500 , 0.000000 , 0.024600 , 0.024600 , -2 , -945
10985.00 , 0.027500 , 0.000000 , 0.024600 , 0.024600 , -2 , -947
11096.00 , 0.027500 , 0.000000 , 0.024800 , 0.024800 , -2 , -949
11207.00 , 0.027500 , 0.000000 , 0.025000 , 0.025000 , -2 , -951
11318.00 , 0.027500 , 0.000000 , 0.025100 , 0.025100 , -2 , -953
11429.00 , 0.027500 , 0.000000 , 0.025200 , 0.025200 , -2 , -955
11540.00 , 0.027500 , 0.000000 , 0.024800 , 0.024800 , -2 , -957
11651.00 , 0.027500 , 0.000000 , 0.025300 , 0.025300 , -1 , -958
11752.00 , 0.027500 , 0.000000 , 0.025500 , 0.025500 , -1 , -959
11852.00 , 0.027500 , 0.000000 , 0.025300 , 0.025300 , -2 , -961
11962.00 , 0.027500 , 0.000000 , 0.025300 , 0.025300 , -2 , -963
12073.00 , 0.027500 , 0.000000 , 0.025500 , 0.025500 , -1 , -964
12174.00 , 0.027500 , 0.000000 , 0.025700 , 0.025700 , -1 , -965
12274.00 , 0.027500 , 0.000000 , 0.026200 , 0.026200 , -1 , -966
12374.00 , 0.027500 , 0.000000 , 0.026200 , 0.026200 , -1 , -967
12474.00 , 0.027500 , 0.000000 , 0.026600 , 0.026600 , 0 , -967
12574.00 , 0.027500 , 0.000000 , 0.026200 , 0.026200 , -1 , -968
12674.00 , 0.027500 , 0.000000 , 0.026900 , 0.026900 , 0 , -968
12774.00 , 0.027500 , 0.000000 , 0.027400 , 0.027400 , 0 , -968
12874.00 , 0.027500 , 0.000000 , 0.026200 , 0.026200 , -1 , -969
12974.00 , 0.027500 , 0.000000 , 0.026900 , 0.026900 , 0 , -969
13074.00 , 0.027500 , 0.000000 , 0.027300 , 0.027300 , 0 , -969
13174.00 , 0.027500 , 0.000000 , 0.027100 , 0.027100 , 0 , -969
13274.00 , 0.027500 , 0.000000 , 0.026600 , 0.026600 , 0 , -969
13374.00 , 0.027500 , 0.000000 , 0.026100 , 0.026100 , -1 , -970
13474.00 , 0.027500 , 0.000000 , 0.026900 , 0.026900 , 0 , -970
13574.00 , 0.027500 , 0.000000 , 0.027600 , 0.027600 , 0 , -970
13674.00 , 0.027500 , 0.000000 , 0.027100 , 0.027100 , 0 , -970
13774.00 , 0.027500 , 0.000000 , 0.027700 , 0.027700 , 0 , -970
13874.00 , 0.027500 , 0.000000 , 0.027600 , 0.027600 , 0 , -970
13974.00 , 0.027500 , 0.000000 , 0.027700 , 0.027700 , 0 , -970
14074.00 , 0.027500 , 0.000000 , 0.027100 , 0.027100 , 0 , -970
14174.00 , 0.027500 , 0.000000 , 0.027300 , 0.027300 , 0 , -970
14274.00 , 0.027500 , 0.000000 , 0.027900 , 0.027900 , 0 , -970
14374.00 , 0.027500 , 0.000000 , 0.027700 , 0.027700 , 0 , -970
14474.00 , 0.027500 , 0.000000 , 0.027500 , 0.027500 , 0 , -970
14574.00 , 0.027500 , 0.000000 , 0.027300 , 0.027300 , 0 , -970
14674.00 , 0.027500 , 0.000000 , 0.027200 , 0.027200 , 0 , -970
14774.00 , 0.027500 , 0.000000 , 0.027600 , 0.027600 , 0 , -970
14874.00 , 0.027500 , 0.000000 , 0.027800 , 0.027800 , 0 , -970
14974.00 , 0.027500 , 0.000000 , 0.026800 , 0.026800 , 0 , -970
15074.00 , 0.027500 , 0.000000 , 0.026600 , 0.026600 , 0 , -970
15174.00 , 0.027500 , 0.000000 , 0.027000 , 0.027000 , 0 , -970
15274.00 , 0.027500 , 0.000000 , 0.027500 , 0.027500 , 0 , -970
15374.00 , 0.027500 , 0.000000 , 0.027500 , 0.027500 , 0 , -970
15474.00 , 0.027500 , 0.000000 , 0.027000 , 0.027000 , 0 , -970
15574.00 , 0.027500 , 0.000000 , 0.027300 , 0.027300 , 0 , -970
15674.00 , 0.027500 , 0.000000 , 0.027000 , 0.027000 , 0 , -970
15774.00 , 0.027500 , 0.000000 , 0.027600 , 0.027600 , 0 , -970
15874.00 , 0.027500 , 0.000000 , 0.027100 , 0.027100 , 0 , -970
15974.00 , 0.027500 , 0.000000 , 0.027100 , 0.027100 , 0 , -970
16074.00 , 0.027500 , 0.000000 , 0.027400 , 0.027400 , 0 , -970
16174.00 , 0.027500 , 0.000000 , 0.027300 , 0.027300 , 0 , -970
16274.00 , 0.027500 , 0.000000 , 0.028300 , 0.028300 , 0 , -970
16374.00 , 0.027500 , 0.000000 , 0.028000 , 0.028000 , 0 , -970
16474.00 , 0.027500 , 0.000000 , 0.027300 , 0.027300 , 0 , -970
16574.00 , 0.027500 , 0.000000 , 0.027100 , 0.027100 , 0 , -970
16674.00 , 0.027500 , 0.000000 , 0.027400 , 0.027400 , 0 , -970
16774.00 , 0.027500 , 0.000000 , 0.027500 , 0.027500 , 0 , -970
16874.00 , 0.027500 , 0.000000 , 0.027600 , 0.027600 , 0 , -970
16974.00 , 0.027500 , 0.000000 , 0.027600 , 0.027600 , 0 , -970
17074.00 , 0.027500 , 0.000000 , 0.027100 , 0.027100 , 0 , -970
17174.00 , 0.027500 , 0.000000 , 0.027200 , 0.027200 , 0 , -970
17274.00 , 0.027500 , 0.000000 , 0.027400 , 0.027400 , 0 , -970
17374.00 , 0.027500 , 0.000000 , 0.027000 , 0.027000 , 0 , -970
17474.00 , 0.027500 , 0.000000 , 0.027100 , 0.027100 , 0 , -970
17574.00 , 0.027500 , 0.000000 , 0.026800 , 0.026800 , 0 , -970
17674.00 , 0.027500 , 0.000000 , 0.027100 , 0.027100 , 0 , -970
17774.00 , 0.027500 , 0.000000 , 0.027200 , 0.027200 , 0 , -970
17874.00 , 0.027500 , 0.000000 , 0.027600 , 0.027600 , 0 , -970
17974.00 , 0.027500 , 0.000000 , 0.027200 , 0.027200 , 0 , -970
18074.00 , 0.027500 , 0.000000 , 0.027800 , 0.027800 , 0 , -970
18174.00 , 0.027500 , 0.000000 , 0.027800 , 0.027800 , 0 , -970
18274.00 , 0.027500 , 0.000000 , 0.026900 , 0.026900 , 0 , -970
18374.00 , 0.027500 , 0.000000 , 0.027200 , 0.027200 , 0 , -970
18474.00 , 0.027500 , 0.000000 , 0.027200 , 0.027200 , 0 , -970
18574.00 , 0.027500 , 0.000000 , 0.027500 , 0.027500 , 0 , -970
18674.00 , 0.027500 , 0.000000 , 0.027600 , 0.027600 , 0 , -970
18774.00 , 0.027500 , 0.000000 , 0.027500 , 0.027500 , 0 , -970
18874.00 , 0.027500 , 0.000000 , 0.026800 , 0.026800 , 0 , -970
18974.00 , 0.027500 , 0.000000 , 0.027400 , 0.027400 , 0 , -970
19074.00 , 0.027500 , 0.000000 , 0.027200 , 0.027200 , 0 , -970
19174.00 , 0.027500 , 0.000000 , 0.026800 , 0.026800 , 0 , -970
19274.00 , 0.027500 , 0.000000 , 0.027600 , 0.027600 , 0 , -970
19374.00 , 0.027500 , 0.000000 , 0.026800 , 0.026800 , 0 , -970
19474.00 , 0.027500 , 0.000000 , 0.027100 , 0.027100 , 0 , -970
19574.00 , 0.027500 , 0.000000 , 0.027300 , 0.027300 , 0 , -970
19674.00 , 0.027500 , 0.000000 , 0.027300 , 0.027300 , 0 , -970
19774.00 , 0.027500 , 0.000000 , 0.027600 , 0.027600 , 0 , -970
19874.00 , 0.027500 , 0.000000 , 0.027500 , 0.027500 , 0 , -970
19974.00 , 0.027500 , 0.000000 , 0.027300 , 0.027300 , 0 , -970
20074.00 , 0.027500 , 0.000000 , 0.027400 , 0.027400 , 0 , -970
20174.00 , 0.027500 , 0.000000 , 0.027400 , 0.027400 , 0 , -970
20274.00 , 0.027500 , 0.000000 , 0.027300 , 0.027300 , 0 , -970
20374.00 , 0.027500 , 0.000000 , 0.027300 , 0.027300 , 0 , -970
20474.00 , 0.027500 , 0.000000 , 0.027900 , 0.027900 , 0 , -970
20574.00 , 0.027500 , 0.000000 , 0.027100 , 0.027100 , 0 , -970
20674.00 , 0.027500 , 0.000000 , 0.027400 , 0.027400 , 0 , -970
20774.00 , 0.027500 , 0.000000 , 0.027200 , 0.027200 , 0 , -970
20874.00 , 0.027500 , 0.000000 , 0.027500 , 0.027500 , 0 , -970
20974.00 , 0.027500 , 0.000000 , 0.026900 , 0.026900 , 0 , -970
21074.00 , 0.027500 , 0.000000 , 0.027000 , 0.027000 , 0 , -970
21174.00 , 0.027500 , 0.000000 , 0.026900 , 0.026900 , 0 , -970
21274.00 , 0.027500 , 0.000000 , 0.027400 , 0.027400 , 0 , -970
21374.00 , 0.027500 , 0.000000 , 0.027300 , 0.027300 , 0 , -970
21474.00 , 0.027500 , 0.000000 , 0.027300 , 0.027300 , 0 , -970
21574.00 , 0.027500 , 0.000000 , 0.027600 , 0.027600 , 0 , -970
21674.00 , 0.027500 , 0.000000 , 0.027900 , 0.027900 , 0 , -970
21774.00 , 0.027500 , 0.000000 , 0.028100 , 0.028100 , 0 , -970
21874.00 , 0.027500 , 0.000000 , 0.027800 , 0.027800 , 0 , -970
21974.00 , 0.027500 , 0.000000 , 0.027900 , 0.027900 , 0 , -970
22074.00 , 0.027500 , 0.000000 , 0.028300 , 0.028300 , 0 , -970
22174.00 , 0.027500 , 0.000000 , 0.028500 , 0.028500 , 0 , -970
22274.00 , 0.027500 , 0.000000 , 0.029600 , 0.029600 , 1 , -969
22374.00 , 0.027500 , 0.000000 , 0.030200 , 0.030200 , 2 , -967
22484.00 , 0.027500 , 0.000000 , 0.030700 , 0.030700 , 2 , -965
22595.00 , 0.027500 , 0.000000 , 0.030700 , 0.030700 , 2 , -963
22706.00 , 0.027500 , 0.000000 , 0.030900 , 0.030900 , 3 , -960
22835.00 , 0.027500 , 0.000000 , 0.030900 , 0.030900 , 3 , -957
22963.00 , 0.027500 , 0.000000 , 0.032200 , 0.032200 , 4 , -953
23092.00 , 0.027500 , 0.000000 , 0.032800 , 0.032800 , 4 , -949
23222.00 , 0.027500 , 0.000000 , 0.034900 , 0.034900 , 6 , -943
23367.00 , 0.027500 , 0.000000 , 0.035000 , 0.035000 , 6 , -937
23512.00 , 0.027500 , 0.000000 , 0.035300 , 0.035300 , 6 , -931
23657.00 , 0.027500 , 0.000000 , 0.037400 , 0.037400 , 9 , -922
23832.00 , 0.027500 , 0.000000 , 0.040500 , 0.040500 , 11 , -911
24019.00 , 0.027500 , 0.000000 , 0.043600 , 0.043600 , 14 , -897
24209.00 , 0.027500 , 0.000000 , 0.047700 , 0.047700 , 18 , -879
24416.00 , 0.027500 , 0.000000 , 0.045500 , 0.045500 , 15 , -864
24623.00 , 0.027500 , 0.000000 , 0.041700 , 0.041700 , 12 , -852
24803.00 , 0.027500 , 0.000000 , 0.040200 , 0.040200 , 11 , -841
24990.00 , 0.027500 , 0.000000 , 0.036700 , 0.036700 , 7 , -834
25152.00 , 0.027500 , 0.000000 , 0.035200 , 0.035200 , 6 , -828
25297.00 , 0.027500 , 0.000000 , 0.034900 , 0.034900 , 6 , -822
25442.00 , 0.027500 , 0.000000 , 0.034900 , 0.034900 , 6 , -816
25587.00 , 0.027500 , 0.000000 , 0.032100 , 0.032100 , 3 , -813
25716.00 , 0.027500 , 0.000000 , 0.031800 , 0.031800 , 3 , -810
25844.00 , 0.027500 , 0.000000 , 0.030500 , 0.030500 , 2 , -808
25954.00 , 0.027500 , 0.000000 , 0.030000 , 0.030000 , 2 , -806
26065.00 , 0.027500 , 0.000000 , 0.029900 , 0.029900 , 2 , -804
26176.00 , 0.027500 , 0.000000 , 0.030000 , 0.030000 , 2 , -802
26287.00 , 0.027500 , 0.000000 , 0.029800 , 0.029800 , 2 , -800
26398.00 , 0.027500 , 0.000000 , 0.030000 , 0.030000 , 2 , -798
26509.00 , 0.027500 , 0.000000 , 0.029000 , 0.029000 , 1 , -797
26610.00 , 0.027500 , 0.000000 , 0.029400 , 0.029400 , 1 , -796
26710.00 , 0.027500 , 0.000000 , 0.029300 , 0.029300 , 1 , -795
26810.00 , 0.027500 , 0.000000 , 0.028900 , 0.028900 , 1 , -794
26910.00 , 0.027500 , 0.000000 , 0.029500 , 0.029500 , 1 , -793
27010.00 , 0.027500 , 0.000000 , 0.029000 , 0.029000 , 1 , -792
27110.00 , 0.027500 , 0.000000 , 0.029400 , 0.029400 , 1 , -791
27210.00 , 0.027500 , 0.000000 , 0.028800 , 0.028800 , 1 , -790
27310.00 , 0.027500 , 0.000000 , 0.029000 , 0.029000 , 1 , -789
27410.00 , 0.027500 , 0.000000 , 0.028700 , 0.028700 , 1 , -788
27510.00 , 0.027500 , 0.000000 , 0.029000 , 0.029000 , 1 , -787
27610.00 , 0.027500 , 0.000000 , 0.029000 , 0.029000 , 1 , -786
27710.00 , 0.027500 , 0.000000 , 0.028100 , 0.028100 , 0 , -786
27810.00 , 0.027500 , 0.000000 , 0.028400 , 0.028400 , 0 , -786
27910.00 , 0.027500 , 0.000000 , 0.028600 , 0.028600 , 0 , -786
28010.00 , 0.027500 , 0.000000 , 0.028800 , 0.028800 , 1 , -785
28110.00 , 0.027500 , 0.000000 , 0.028300 , 0.028300 , 0 , -785
28210.00 , 0.027500 , 0.000000 , 0.027700 , 0.027700 , 0 , -785
28310.00 , 0.027500 , 0.000000 , 0.028700 , 0.028700 , 1 , -784
28410.00 , 0.027500 , 0.000000 , 0.028200 , 0.028200 , 0 , -784
28510.00 , 0.027500 , 0.000000 , 0.027600 , 0.027600 , 0 , -784
28610.00 , 0.027500 , 0.000000 , 0.027700 , 0.027700 , 0 , -784
28710.00 , 0.027500 , 0.000000 , 0.028200 , 0.028200 , 0 , -784
28810.00 , 0.027500 , 0.000000 , 0.028300 , 0.028300 , 0 , -784
28910.00 , 0.027500 , 0.000000 , 0.028200 , 0.028200 , 0 , -784
29010.00 , 0.027500 , 0.000000 , 0.028800 , 0.028800 , 1 , -783
29110.00 , 0.027500 , 0.000000 , 0.028200 , 0.028200 , 0 , -783
29210.00 , 0.027500 , 0.000000 , 0.027800 , 0.027800 , 0 , -783
29310.00 , 0.027500 , 0.000000 , 0.028300 , 0.028300 , 0 , -783
29410.00 , 0.027500 , 0.000000 , 0.027900 , 0.027900 , 0 , -783
29510.00 , 0.027500 , 0.000000 , 0.028100 , 0.028100 , 0 , -783
29610.00 , 0.027500 , 0.000000 , 0.027800 , 0.027800 , 0 , -783
29710.00 , 0.027500 , 0.000000 , 0.028200 , 0.028200 , 0 , -783
29810.00 , 0.027500 , 0.000000 , 0.027900 , 0.027900 , 0 , -783
29910.00 , 0.027500 , 0.000000 , 0.028100 , 0.028100 , 0 , -783
30010.00 , 0.027500 , 0.000000 , 0.027800 , 0.027800 , 0 , -783
30110.00 , 0.027500 , 0.000000 , 0.027600 , 0.027600 , 0 , -783
30210.00 , 0.027500 , 0.000000 , 0.028300 , 0.028300 , 0 , -783
30310.00 , 0.027500 , 0.000000 , 0.027500 , 0.027500 , 0 , -783
30410.00 , 0.027500 , 0.000000 , 0.028000 , 0.028000 , 0 , -783
30510.00 , 0.027500 , 0.000000 , 0.028100 , 0.028100 , 0 , -783
30610.00 , 0.027500 , 0.000000 , 0.028000 , 0.028000 , 0 , -783
30710.00 , 0.027500 , 0.000000 , 0.027800 , 0.027800 , 0 , -783
30810.00 , 0.027500 , 0.000000 , 0.027700 , 0.027700 , 0 , -783
30910.00 , 0.027500 , 0.000000 , 0.028000 , 0.028000 , 0 , -783
31010.00 , 0.027500 , 0.000000 , 0.027500 , 0.027500 , 0 , -783
31110.00 , 0.027500 , 0.000000 , 0.028000 , 0.028000 , 0 , -783
31210.00 , 0.027500 , 0.000000 , 0.027400 , 0.027400 , 0 , -783
31310.00 , 0.027500 , 0.000000 , 0.028200 , 0.028200 , 0 , -783
31410.00 , 0.027500 , 0.000000 , 0.027600 , 0.027600 , 0 , -783
31510.00 , 0.027500 , 0.000000 , 0.028600 , 0.028600 , 1 , -782
31610.00 , 0.027500 , 0.000000 , 0.027800 , 0.027800 , 0 , -782
31710.00 , 0.027500 , 0.000000 , 0.027500 , 0.027500 , 0 , -782
31810.00 , 0.027500 , 0.000000 , 0.028300 , 0.028300 , 0 , -782
31910.00 , 0.027500 , 0.000000 , 0.027800 , 0.027800 , 0 , -782
32010.00 , 0.027500 , 0.000000 , 0.028000 , 0.028000 , 0 , -782
32110.00 , 0.027500 , 0.000000 , 0.028300 , 0.028300 , 0 , -782
32210.00 , 0.027500 , 0.000000 , 0.028100 , 0.028100 , 0 , -782
32310.00 , 0.027500 , 0.000000 , 0.027400 , 0.027400 , 0 , -782
32410.00 , 0.027500 , 0.000000 , 0.027800 , 0.027800 , 0 , -782
32510.00 , 0.027500 , 0.000000 , 0.028200 , 0.028200 , 0 , -782
32610.00 , 0.027500 , 0.000000 , 0.028100 , 0.028100 , 0 , -782
32710.00 , 0.027500 , 0.000000 , 0.028000 , 0.028000 , 0 , -782
32810.00 , 0.027500 , 0.000000 , 0.027800 , 0.027800 , 0 , -782
32910.00 , 0.027500 , 0.000000 , 0.028100 , 0.028100 , 0 , -782
33010.00 , 0.027500 , 0.000000 , 0.027400 , 0.027400 , 0 , -782
33110.00 , 0.027500 , 0.000000 , 0.027700 , 0.027700 , 0 , -782
33210.00 , 0.027500 , 0.000000 , 0.028300 , 0.028300 , 0 , -782
33310.00 , 0.027500 , 0.000000 , 0.027800 , 0.027800 , 0 , -782
33410.00 , 0.027500 , 0.000000 , 0.028400 , 0.028400 , 0 , -782
33510.00 , 0.027500 , 0.000000 , 0.028200 , 0.028200 , 0 , -782
33610.00 , 0.027500 , 0.000000 , 0.028500 , 0.028500 , 0 , -782
33710.00 , 0.027500 , 0.000000 , 0.028100 , 0.028100 , 0 , -782
33810.00 , 0.027500 , 0.000000 , 0.027700 , 0.027700 , 0 , -782
33910.00 , 0.027500 , 0.000000 , 0.027500 , 0.027500 , 0 , -782
34010.00 , 0.027500 , 0.000000 , 0.028100 , 0.028100 , 0 , -782
34110.00 , 0.027500 , 0.000000 , 0.028000 , 0.028000 , 0 , -782
34210.00 , 0.027500 , 0.000000 , 0.028300 , 0.028300 , 0 , -782
34310.00 , 0.027500 , 0.000000 , 0.027900 , 0.027900 , 0 , -782
34410.00 , 0.027500 , 0.000000 , 0.028400 , 0.028400 , 0 , -782
34510.00 , 0.027500 , 0.000000 , 0.027700 , 0.027700 , 0 , -782
34610.00 , 0.027500 , 0.000000 , 0.027700 , 0.027700 , 0 , -782
34710.00 , 0.027500 , 0.000000 , 0.027900 , 0.027900 , 0 , -782
34810.00 , 0.027500 , 0.000000 , 0.027900 , 0.027900 , 0 , -782
34910.00 , 0.027500 , 0.000000 , 0.027800 , 0.027800 , 0 , -782
35010.00 , 0.027500 , 0.000000 , 0.027300 , 0.027300 , 0 , -782
35110.00 , 0.027500 , 0.000000 , 0.027700 , 0.027700 , 0 , -782
35210.00 , 0.027500 , 0.000000 , 0.028200 , 0.028200 , 0 , -782
35310.00 , 0.027500 , 0.000000 , 0.027800 , 0.027800 , 0 , -782
35410.00 , 0.027500 , 0.000000 , 0.028200 , 0.028200 , 0 , -782
35510.00 , 0.027500 , 0.000000 , 0.027900 , 0.027900 , 0 , -782
35610.00 , 0.027500 , 0.000000 , 0.027600 , 0.027600 , 0 , -782
35710.00 , 0.027500 , 0.000000 , 0.027700 , 0.027700 , 0 , -782
35810.00 , 0.027500 , 0.000000 , 0.028000 , 0.028000 , 0 , -782
35910.00 , 0.027500 , 0.000000 , 0.027900 , 0.027900 , 0 , -782
36010.00 , 0.027500 , 0.000000 , 0.027700 , 0.027700 , 0 , -782
36110.00 , 0.027500 , 0.000000 , 0.027900 , 0.027900 , 0 , -782
36210.00 , 0.027500 , 0.000000 , 0.027900 , 0.027900 , 0 , -782
36310.00 , 0.027500 , 0.000000 , 0.027800 , 0.027800 , 0 , -782
36410.00 , 0.027500 , 0.000000 , 0.028700 , 0.028700 , 1 , -781
36510.00 , 0.027500 , 0.000000 , 0.028100 , 0.028100 , 0 , -781
36610.00 , 0.027500 , 0.000000 , 0.027700 , 0.027700 , 0 , -781
36710.00 , 0.027500 , 0.000000 , 0.027600 , 0.027600 , 0 , -781
36810.00 , 0.027500 , 0.000000 , 0.028100 , 0.028100 , 0 , -781
36910.00 , 0.027500 , 0.000000 , 0.027800 , 0.027800 , 0 , -781
37010.00 , 0.027500 , 0.000000 , 0.027900 , 0.027900 , 0 , -781
37110.00 , 0.027500 , 0.000000 , 0.027700 , 0.027700 , 0 , -781
37210.00 , 0.027500 , 0.000000 , 0.027600 , 0.027600 , 0 , -781
37310.00 , 0.027500 , 0.000000 , 0.027600 , 0.027600 , 0 , -781
37410.00 , 0.027500 , 0.000000 , 0.028100 , 0.028100 , 0 , -781
37510.00 , 0.027500 , 0.000000 , 0.028200 , 0.028200 , 0 , -781
37610.00 , 0.027500 , 0.000000 , 0.028000 , 0.028000 , 0 , -781
37710.00 , 0.027500 , 0.000000 , 0.027800 , 0.027800 , 0 , -781
37810.00 , 0.027500 , 0.000000 , 0.027200 , 0.027200 , 0 , -781
37910.00 , 0.027500 , 0.000000 , 0.027300 , 0.027300 , 0 , -781
38010.00 , 0.027500 , 0.000000 , 0.027500 , 0.027500 , 0 , -781
38110.00 , 0.027500 , 0.000000 , 0.027800 , 0.027800 , 0 , -781
38210.00 , 0.027500 , 0.000000 , 0.027900 , 0.027900 , 0 , -781
38310.00 , 0.027500 , 0.000000 , 0.027500 , 0.027500 , 0 , -781
38410.00 , 0.027500 , 0.000000 , 0.027900 , 0.027900 , 0 , -781
38510.00 , 0.027500 , 0.000000 , 0.027400 , 0.027400 , 0 , -781
38610.00 , 0.027500 , 0.000000 , 0.027700 , 0.027700 , 0 , -781
38710.00 , 0.027500 , 0.000000 , 0.028000 , 0.028000 , 0 , -781
38810.00 , 0.027500 , 0.000000 , 0.027700 , 0.027700 , 0 , -781
38910.00 , 0.027500 , 0.000000 , 0.027900 , 0.027900 , 0 , -781
39010.00 , 0.027500 , 0.000000 , 0.028300 , 0.028300 , 0 , -781
39110.00 , 0.027500 , 0.000000 , 0.028400 , 0.028400 , 0 , -781
39210.00 , 0.027500 , 0.000000 , 0.027900 , 0.027900 , 0 , -781
39310.00 , 0.027500 , 0.000000 , 0.027400 , 0.027400 , 0 , -781
39410.00 , 0.027500 , 0.000000 , 0.027800 , 0.027800 , 0 , -781
39510.00 , 0.027500 , 0.000000 , 0.028100 , 0.028100 , 0 , -781
39610.00 , 0.027500 , 0.000000 , 0.028000 , 0.028000 , 0 , -781
39710.00 , 0.027500 , 0.000000 , 0.028000 , 0.028000 , 0 , -781
39810.00 , 0.027500 , 0.000000 , 0.027000 , 0.027000 , 0 , -781
39910.00 , 0.027500 , 0.000000 , 0.026600 , 0.026600 , 0 , -781
40010.00 , 0.027500 , 0.000000 , 0.027800 , 0.027800 , 0 , -781
40110.00 , 0.027500 , 0.000000 , 0.027900 , 0.027900 , 0 , -781
40210.00 , 0.027500 , 0.000000 , 0.027900 , 0.027900 , 0 , -781
40310.00 , 0.027500 , 0.000000 , 0.027300 , 0.027300 , 0 , -781
40410.00 , 0.027500 , 0.000000 , 0.028000 , 0.028000 , 0 , -781
40510.00 , 0.027500 , 0.000000 , 0.027800 , 0.027800 , 0 , -781
40610.00 , 0.027500 , 0.000000 , 0.027500 , 0.027500 , 0 , -781
40710.00 , 0.027500 , 0.000000 , 0.027700 , 0.027700 , 0 , -781
40810.00 , 0.027500 , 0.000000 , 0.028300 , 0.028300 , 0 , -781
40910.00 , 0.027500 , 0.000000 , 0.028400 , 0.028400 , 0 , -781
41010.00 , 0.027500 , 0.000000 , 0.028100 , 0.028100 , 0 , -781
41110.00 , 0.027500 , 0.000000 , 0.028000 , 0.028000 , 0 , -781
41210.00 , 0.027500 , 0.000000 , 0.027900 , 0.027900 , 0 , -781
41310.00 , 0.027500 , 0.000000 , 0.027600 , 0.027600 , 0 , -781
41410.00 , 0.027500 , 0.000000 , 0.027600 , 0.027600 , 0 , -781
41510.00 , 0.027500 , 0.000000 , 0.025900 , 0.025900 , -1 , -782
41610.00 , 0.027500 , 0.000000 , 0.027000 , 0.027000 , 0 , -782
41710.00 , 0.027500 , 0.000000 , 0.028300 , 0.028300 , 0 , -782
41810.00 , 0.027500 , 0.000000 , 0.029200 , 0.029200 , 1 , -781
41910.00 , 0.027500 , 0.000000 , 0.027000 , 0.027000 , 0 , -781
42010.00 , 0.027500 , 0.000000 , 0.026200 , 0.026200 , -1 , -782
42110.00 , 0.027500 , 0.000000 , 0.027500 , 0.027500 , 0 , -782
42210.00 , 0.027500 , 0.000000 , 0.027500 , 0.027500 , 0 , -782
42310.00 , 0.027500 , 0.000000 , 0.026900 , 0.026900 , 0 , -782
42410.00 , 0.027500 , 0.000000 , 0.027100 , 0.027100 , 0 , -782
42510.00 , 0.027500 , 0.000000 , 0.027300 , 0.027300 , 0 , -782
42610.00 , 0.027500 , 0.000000 , 0.027500 , 0.027500 , 0 , -782
42710.00 , 0.027500 , 0.000000 , 0.026800 , 0.026800 , 0 , -782
42810.00 , 0.027500 , 0.000000 , 0.026800 , 0.026800 , 0 , -782
42910.00 , 0.027500 , 0.000000 , 0.027400 , 0.027400 , 0 , -782
43010.00 , 0.027500 , 0.000000 , 0.027400 , 0.027400 , 0 , -782
43110.00 , 0.027500 , 0.000000 , 0.027000 , 0.027000 , 0 , -782
43210.00 , 0.027500 , 0.000000 , 0.027500 , 0.027500 , 0 , -782
43310.00 , 0.027500 , 0.000000 , 0.027200 , 0.027200 , 0 , -782
43410.00 , 0.027500 , 0.000000 , 0.027200 , 0.027200 , 0 , -782
43510.00 , 0.027500 , 0.000000 , 0.027300 , 0.027300 , 0 , -782
43610.00 , 0.027500 , 0.000000 , 0.026600 , 0.026600 , 0 , -782
43710.00 , 0.027500 , 0.000000 , 0.027200 , 0.027200 , 0 , -782
43810.00 , 0.027500 , 0.000000 , 0.027200 , 0.027200 , 0 , -782
43910.00 , 0.027500 , 0.000000 , 0.027100 , 0.027100 , 0 , -782
44010.00 , 0.027500 , 0.000000 , 0.027000 , 0.027000 , 0 , -782
44110.00 , 0.027500 , 0.000000 , 0.027900 , 0.027900 , 0 , -782
44210.00 , 0.027500 , 0.000000 , 0.029400 , 0.029400 , 1 , -781
44310.00 , 0.027500 , 0.000000 , 0.028400 , 0.028400 , 0 , -781
44410.00 , 0.027500 , 0.000000 , 0.027800 , 0.027800 , 0 , -781
44510.00 , 0.027500 , 0.000000 , 0.028000 , 0.028000 , 0 , -781
44610.00 , 0.027500 , 0.000000 , 0.028600 , 0.028600 , 0 , -781
44710.00 , 0.027500 , 0.000000 , 0.028900 , 0.028900 , 1 , -780
44810.00 , 0.027500 , 0.000000 , 0.028600 , 0.028600 , 0 , -780
44910.00 , 0.027500 , 0.000000 , 0.029300 , 0.029300 , 1 , -779
45010.00 , 0.027500 , 0.000000 , 0.029300 , 0.029300 , 1 , -778
45110.00 , 0.027500 , 0.000000 , 0.028800 , 0.028800 , 1 , -777
45210.00 , 0.027500 , 0.000000 , 0.028900 , 0.028900 , 1 , -776
45310.00 , 0.027500 , 0.000000 , 0.028600 , 0.028600 , 0 , -776
45410.00 , 0.027500 , 0.000000 , 0.028800 , 0.028800 , 1 , -775
45510.00 , 0.027500 , 0.000000 , 0.029000 , 0.029000 , 1 , -774
45610.00 , 0.027500 , 0.000000 , 0.029700 , 0.029700 , 1 , -773
45710.00 , 0.027500 , 0.000000 , 0.028300 , 0.028300 , 0 , -773
45810.00 , 0.027500 , 0.000000 , 0.027900 , 0.027900 , 0 , -773
45910.00 , 0.027500 , 0.000000 , 0.029000 , 0.029000 , 1 , -772
46010.00 , 0.027500 , 0.000000 , 0.041500 , 0.041500 , 13 , -759
46206.00 , 0.027500 , 0.000000 , 0.029900 , 0.029900 , 1 , -758
46307.00 , 0.027500 , 0.000000 , 0.030200 , 0.030200 , 2 , -756
46417.00 , 0.027500 , 0.000000 , 0.025600 , 0.025600 , -2 , -758
46528.00 , 0.027500 , 0.000000 , 0.025500 , 0.025500 , -1 , -759
46629.00 , 0.027500 , 0.000000 , 0.025000 , 0.025000 , -2 , -761
46739.00 , 0.027500 , 0.000000 , 0.025100 , 0.025100 , -2 , -763
46850.00 , 0.027500 , 0.000000 , 0.025100 , 0.025100 , -2 , -765
46961.00 , 0.027500 , 0.000000 , 0.025200 , 0.025200 , -2 , -767
47072.00 , 0.027500 , 0.000000 , 0.025400 , 0.025400 , -1 , -768
47173.00 , 0.027500 , 0.000000 , 0.025100 , 0.025100 , -2 , -770
47283.00 , 0.027500 , 0.000000 , 0.025500 , 0.025500 , -1 , -771
47384.00 , 0.027500 , 0.000000 , 0.025100 , 0.025100 , -2 , -773
47494.00 , 0.027500 , 0.000000 , 0.025400 , 0.025400 , -1 , -774
47595.00 , 0.027500 , 0.000000 , 0.025100 , 0.025100 , -2 , -776
47705.00 , 0.027500 , 0.000000 , 0.025100 , 0.025100 , -2 , -778
47816.00 , 0.027500 , 0.000000 , 0.025300 , 0.025300 , -2 , -780
47927.00 , 0.027500 , 0.000000 , 0.026000 , 0.026000 , -1 , -781
48028.00 , 0.027500 , 0.000000 , 0.026100 , 0.026100 , -1 , -782
48128.00 , 0.027500 , 0.000000 , 0.026000 , 0.026000 , -1 , -783
48228.00 , 0.027500 , 0.000000 , 0.025800 , 0.025800 , -1 , -784
48328.00 , 0.027500 , 0.000000 , 0.027200 , 0.027200 , 0 , -784
48428.00 , 0.027500 , 0.000000 , 0.026100 , 0.026100 , -1 , -785
48528.00 , 0.027500 , 0.000000 , 0.025600 , 0.025600 , -1 , -786
48628.00 , 0.027500 , 0.000000 , 0.025400 , 0.025400 , -1 , -787
48728.00 , 0.027500 , 0.000000 , 0.025800 , 0.025800 , -1 , -788
48828.00 , 0.027500 , 0.000000 , 0.026100 , 0.026100 , -1 , -789
48928.00 , 0.027500 , 0.000000 , 0.026900 , 0.026900 , 0 , -789
49028.00 , 0.027500 , 0.000000 , 0.026400 , 0.026400 , -1 , -790
49128.00 , 0.027500 , 0.000000 , 0.028400 , 0.028400 , 0 , -790
49228.00 , 0.027500 , 0.000000 , 0.027200 , 0.027200 , 0 , -790
49328.00 , 0.027500 , 0.000000 , 0.028100 , 0.028100 , 0 , -790
49428.00 , 0.027500 , 0.000000 , 0.027700 , 0.027700 , 0 , -790
49528.00 , 0.027500 , 0.000000 , 0.027800 , 0.027800 , 0 , -790
49628.00 , 0.027500 , 0.000000 , 0.028300 , 0.028300 , 0 , -790
49728.00 , 0.027500 , 0.000000 , 0.028200 , 0.028200 , 0 , -790
49828.00 , 0.027500 , 0.000000 , 0.028500 , 0.028500 , 0 , -790
49928.00 , 0.027500 , 0.000000 , 0.027800 , 0.027800 , 0 , -790
50028.00 , 0.027500 , 0.000000 , 0.027700 , 0.027700 , 0 , -790
50128.00 , 0.027500 , 0.000000 , 0.028500 , 0.028500 , 0 , -790
50228.00 , 0.027500 , 0.000000 , 0.028700 , 0.028700 , 1 , -789
50328.00 , 0.027500 , 0.000000 , 0.029500 , 0.029500 , 1 , -788
50428.00 , 0.027500 , 0.000000 , 0.029000 , 0.029000 , 1 , -787
50528.00 , 0.027500 , 0.000000 , 0.029200 , 0.029200 , 1 , -786
50628.00 , 0.027500 , 0.000000 , 0.028900 , 0.028900 , 1 , -785
50728.00 , 0.027500 , 0.000000 , 0.029000 , 0.029000 , 1 , -784
50828.00 , 0.027500 , 0.000000 , 0.029700 , 0.029700 , 1 , -783
50928.00 , 0.027500 , 0.000000 , 0.029200 , 0.029200 , 1 , -782
51028.00 , 0.027500 , 0.000000 , 0.029300 , 0.029300 , 1 , -781
51128.00 , 0.027500 , 0.000000 , 0.029300 , 0.029300 , 1 , -780
51228.00 , 0.027500 , 0.000000 , 0.030100 , 0.030100 , 2 , -778
51338.00 , 0.027500 , 0.000000 , 0.029400 , 0.029400 , 1 , -777
51439.00 , 0.027500 , 0.000000 , 0.029000 , 0.029000 , 1 , -776
51539.00 , 0.027500 , 0.000000 , 0.029300 , 0.029300 , 1 , -775
51639.00 , 0.027500 , 0.000000 , 0.030100 , 0.030100 , 2 , -773
51749.00 , 0.027500 , 0.000000 , 0.030000 , 0.030000 , 2 , -771
51860.00 , 0.027500 , 0.000000 , 0.029400 , 0.029400 , 1 , -770
51961.00 , 0.027500 , 0.000000 , 0.029300 , 0.029300 , 1 , -769
52061.00 , 0.027500 , 0.000000 , 0.029500 , 0.029500 , 1 , -768
52161.00 , 0.027500 , 0.000000 , 0.029300 , 0.029300 , 1 , -767
52261.00 , 0.027500 , 0.000000 , 0.029400 , 0.029400 , 1 , -766
52361.00 , 0.027500 , 0.000000 , 0.029200 , 0.029200 , 1 , -765
52461.00 , 0.027500 , 0.000000 , 0.029000 , 0.029000 , 1 , -764
52561.00 , 0.027500 , 0.000000 , 0.028800 , 0.028800 , 1 , -763
52661.00 , 0.027500 , 0.000000 , 0.029200 , 0.029200 , 1 , -762
52761.00 , 0.027500 , 0.000000 , 0.028300 , 0.028300 , 0 , -762
52861.00 , 0.027500 , 0.000000 , 0.028500 , 0.028500 , 0 , -762
52961.00 , 0.027500 , 0.000000 , 0.028700 , 0.028700 , 1 , -761
53061.00 , 0.027500 , 0.000000 , 0.028500 , 0.028500 , 0 , -761
53161.00 , 0.027500 , 0.000000 , 0.028500 , 0.028500 , 0 , -761
53261.00 , 0.027500 , 0.000000 , 0.028200 , 0.028200 , 0 , -761
53361.00 , 0.027500 , 0.000000 , 0.028300 , 0.028300 , 0 , -761
53461.00 , 0.027500 , 0.000000 , 0.028200 , 0.028200 , 0 , -761
53561.00 , 0.027500 , 0.000000 , 0.028600 , 0.028600 , 0 , -761
53661.00 , 0.027500 , 0.000000 , 0.028500 , 0.028500 , 0 , -761
53761.00 , 0.027500 , 0.000000 , 0.028600 , 0.028600 , 0 , -761
53861.00 , 0.027500 , 0.000000 , 0.028200 , 0.028200 , 0 , -761
53961.00 , 0.027500 , 0.000000 , 0.028300 , 0.028300 , 0 , -761
54061.00 , 0.027500 , 0.000000 , 0.028600 , 0.028600 , 0 , -761
54161.00 , 0.027500 , 0.000000 , 0.028400 , 0.028400 , 0 , -761
54261.00 , 0.027500 , 0.000000 , 0.027700 , 0.027700 , 0 , -761
54361.00 , 0.027500 , 0.000000 , 0.028600 , 0.028600 , 1 , -760
54461.00 , 0.027500 , 0.000000 , 0.028600 , 0.028600 , 0 , -760
54561.00 , 0.027500 , 0.000000 , 0.027800 , 0.027800 , 0 , -760
54661.00 , 0.027500 , 0.000000 , 0.027600 , 0.027600 , 0 , -760
54761.00 , 0.027500 , 0.000000 , 0.027700 , 0.027700 , 0 , -760
54861.00 , 0.027500 , 0.000000 , 0.027700 , 0.027700 , 0 , -760
54961.00 , 0.027500 , 0.000000 , 0.028000 , 0.028000 , 0 , -760
55061.00 , 0.027500 , 0.000000 , 0.027700 , 0.027700 , 0 , -760
55161.00 , 0.027500 , 0.000000 , 0.028000 , 0.028000 , 0 , -760
55261.00 , 0.027500 , 0.000000 , 0.028900 , 0.028900 , 1 , -759
55361.00 , 0.027500 , 0.000000 , 0.027700 , 0.027700 , 0 , -759
55461.00 , 0.027500 , 0.000000 , 0.028300 , 0.028300 , 0 , -759
55561.00 , 0.027500 , 0.000000 , 0.027800 , 0.027800 , 0 , -759
55661.00 , 0.027500 , 0.000000 , 0.028500 , 0.028500 , 0 , -759
55761.00 , 0.027500 , 0.000000 , 0.026700 , 0.026700 , 0 , -759
55861.00 , 0.027500 , 0.000000 , 0.027800 , 0.027800 , 0 , -759
55961.00 , 0.027500 , 0.000000 , 0.028100 , 0.028100 , 0 , -759
56061.00 , 0.027500 , 0.000000 , 0.028600 , 0.028600 , 0 , -759
56161.00 , 0.027500 , 0.000000 , 0.027700 , 0.027700 , 0 , -759
56261.00 , 0.027500 , 0.000000 , 0.028100 , 0.028100 , 0 , -759
56361.00 , 0.027500 , 0.000000 , 0.028100 , 0.028100 , 0 , -759
56461.00 , 0.027500 , 0.000000 , 0.027700 , 0.027700 , 0 , -759
56561.00 , 0.027500 , 0.000000 , 0.028000 , 0.028000 , 0 , -759
56661.00 , 0.027500 , 0.000000 , 0.028100 , 0.028100 , 0 , -759
56761.00 , 0.027500 , 0.000000 , 0.027700 , 0.027700 , 0 , -759
56861.00 , 0.027500 , 0.000000 , 0.027500 , 0.027500 , 0 , -759
56961.00 , 0.027500 , 0.000000 , 0.028300 , 0.028300 , 0 , -759
57061.00 , 0.027500 , 0.000000 , 0.027900 , 0.027900 , 0 , -759
57161.00 , 0.027500 , 0.000000 , 0.028100 , 0.028100 , 0 , -759
57261.00 , 0.027500 , 0.000000 , 0.028000 , 0.028000 , 0 , -759
57361.00 , 0.027500 , 0.000000 , 0.028200 , 0.028200 , 0 , -759
57461.00 , 0.027500 , 0.000000 , 0.027900 , 0.027900 , 0 , -759
57561.00 , 0.027500 , 0.000000 , 0.028000 , 0.028000 , 0 , -759
57661.00 , 0.027500 , 0.000000 , 0.027900 , 0.027900 , 0 , -759
57761.00 , 0.027500 , 0.000000 , 0.028200 , 0.028200 , 0 , -759
57861.00 , 0.027500 , 0.000000 , 0.028100 , 0.028100 , 0 , -759
57961.00 , 0.027500 , 0.000000 , 0.028400 , 0.028400 , 0 , -759
58061.00 , 0.027500 , 0.000000 , 0.028000 , 0.028000 , 0 , -759
58161.00 , 0.027500 , 0.000000 , 0.027900 , 0.027900 , 0 , -759
58261.00 , 0.027500 , 0.000000 , 0.028100 , 0.028100 , 0 , -759
58361.00 , 0.027500 , 0.000000 , 0.027800 , 0.027800 , 0 , -759
58461.00 , 0.027500 , 0.000000 , 0.028400 , 0.028400 , 0 , -759
58561.00 , 0.027500 , 0.000000 , 0.027800 , 0.027800 , 0 , -759
58661.00 , 0.027500 , 0.000000 , 0.027900 , 0.027900 , 0 , -759
58761.00 , 0.027500 , 0.000000 , 0.027700 , 0.027700 , 0 , -759
58861.00 , 0.027500 , 0.000000 , 0.028000 , 0.028000 , 0 , -759
58961.00 , 0.027500 , 0.000000 , 0.028300 , 0.028300 , 0 , -759
59061.00 , 0.027500 , 0.000000 , 0.027800 , 0.027800 , 0 , -759
59161.00 , 0.027500 , 0.000000 , 0.028100 , 0.028100 , 0 , -759
59261.00 , 0.027500 , 0.000000 , 0.028000 , 0.028000 , 0 , -759
59361.00 , 0.027500 , 0.000000 , 0.028100 , 0.028100 , 0 , -759
59461.00 , 0.027500 , 0.000000 , 0.028400 , 0.028400 , 0 , -759
59561.00 , 0.027500 , 0.000000 , 0.027600 , 0.027600 , 0 , -759
59661.00 , 0.027500 , 0.000000 , 0.027900 , 0.027900 , 0 , -759
59761.00 , 0.027500 , 0.000000 , 0.028500 , 0.028500 , 0 , -759
59861.00 , 0.027500 , 0.000000 , 0.027800 , 0.027800 , 0 , -759
59961.00 , 0.027500 , 0.000000 , 0.027700 , 0.027700 , 0 , -759
60061.00 , 0.275000 , 0.000000 , 0.028100 , 0.028100 , -222 , -981
60654.00 , 0.275000 , 0.000000 , 0.054500 , 0.054500 , -196 , -1177
61214.00 , 0.275000 , 0.000000 , 0.109500 , 0.109500 , -144 , -1321
61702.00 , 0.275000 , 0.000000 , 0.160700 , 0.160700 , -98 , -1419
62114.00 , 0.275000 , 0.000000 , 0.206700 , 0.206700 , -57 , -1476
62454.00 , 0.275000 , 0.000000 , 0.245000 , 0.245000 , -24 , -1500
62685.00 , 0.275000 , 0.000000 , 0.269600 , 0.269600 , -2 , -1502
62796.00 , 0.275000 , 0.000000 , 0.271000 , 0.271000 , -3 , -1505
62925.00 , 0.275000 , 0.000000 , 0.273900 , 0.273900 , 0 , -1505
63025.00 , 0.275000 , 0.000000 , 0.273700 , 0.273700 , -1 , -1506
63125.00 , 0.275000 , 0.000000 , 0.274500 , 0.274500 , 0 , -1506
63225.00 , 0.275000 , 0.000000 , 0.274900 , 0.274900 , 0 , -1506
63325.00 , 0.275000 , 0.000000 , 0.275000 , 0.275000 , 0 , -1506
63425.00 , 0.275000 , 0.000000 , 0.274600 , 0.274600 , 0 , -1506
63525.00 , 0.275000 , 0.000000 , 0.274600 , 0.274600 , 0 , -1506
63625.00 , 0.275000 , 0.000000 , 0.274700 , 0.274700 , 0 , -1506
63725.00 , 0.275000 , 0.000000 , 0.274300 , 0.274300 , 0 , -1506
63825.00 , 0.275000 , 0.000000 , 0.274200 , 0.274200 , 0 , -1506
63925.00 , 0.275000 , 0.000000 , 0.273900 , 0.273900 , -1 , -1507
64025.00 , 0.275000 , 0.000000 , 0.275100 , 0.275100 , 0 , -1507
64125.00 , 0.275000 , 0.000000 , 0.274900 , 0.274900 , 0 , -1507
64225.00 , 0.275000 , 0.000000 , 0.274800 , 0.274800 , 0 , -1507
64325.00 , 0.275000 , 0.000000 , 0.274900 , 0.274900 , 0 , -1507
64425.00 , 0.275000 , 0.000000 , 0.274900 , 0.274900 , 0 , -1507
64525.00 , 0.275000 , 0.000000 , 0.274800 , 0.274800 , 0 , -1507
64625.00 , 0.275000 , 0.000000 , 0.274800 , 0.274800 , 0 , -1507
64725.00 , 0.275000 , 0.000000 , 0.274100 , 0.274100 , 0 , -1507
64825.00 , 0.275000 , 0.000000 , 0.274600 , 0.274600 , 0 , -1507
64925.00 , 0.275000 , 0.000000 , 0.274300 , 0.274300 , 0 , -1507
65025.00 , 0.275000 , 0.000000 , 0.274600 , 0.274600 , 0 , -1507
65125.00 , 0.275000 , 0.000000 , 0.274200 , 0.274200 , 0 , -1507
65225.00 , 0.275000 , 0.000000 , 0.274300 , 0.274300 , 0 , -1507
65325.00 , 0.275000 , 0.000000 , 0.274600 , 0.274600 , 0 , -1507
65425.00 , 0.275000 , 0.000000 , 0.274400 , 0.274400 , 0 , -1507
65525.00 , 0.275000 , 0.000000 , 0.274200 , 0.274200 , 0 , -1507
65625.00 , 0.275000 , 0.000000 , 0.274500 , 0.274500 , 0 , -1507
65725.00 , 0.275000 , 0.000000 , 0.274200 , 0.274200 , 0 , -1507
65825.00 , 0.275000 , 0.000000 , 0.274100 , 0.274100 , 0 , -1507
65925.00 , 0.275000 , 0.000000 , 0.274200 , 0.274200 , 0 , -1507
66025.00 , 0.275000 , 0.000000 , 0.274100 , 0.274100 , 0 , -1507
66125.00 , 0.275000 , 0.000000 , 0.274200 , 0.274200 , 0 , -1507
66225.00 , 0.275000 , 0.000000 , 0.274300 , 0.274300 , 0 , -1507
66325.00 , 0.275000 , 0.000000 , 0.274000 , 0.274000 , -1 , -1508
66425.00 , 0.275000 , 0.000000 , 0.274800 , 0.274800 , 0 , -1508
66525.00 , 0.275000 , 0.000000 , 0.275700 , 0.275700 , 0 , -1508
66625.00 , 0.275000 , 0.000000 , 0.275400 , 0.275400 , 0 , -1508
66725.00 , 0.275000 , 0.000000 , 0.275300 , 0.275300 , 0 , -1508
66825.00 , 0.275000 , 0.000000 , 0.275300 , 0.275300 , 0 , -1508
66925.00 , 0.275000 , 0.000000 , 0.274800 , 0.274800 , 0 , -1508
67025.00 , 0.275000 , 0.000000 , 0.275000 , 0.275000 , 0 , -1508
67125.00 , 0.275000 , 0.000000 , 0.274500 , 0.274500 , 0 , -1508
67225.00 , 0.275000 , 0.000000 , 0.274400 , 0.274400 , 0 , -1508
67325.00 , 0.275000 , 0.000000 , 0.274700 , 0.274700 , 0 , -1508
67425.00 , 0.275000 , 0.000000 , 0.274200 , 0.274200 , 0 , -1508
67525.00 , 0.275000 , 0.000000 , 0.274300 , 0.274300 , 0 , -1508
67625.00 , 0.275000 , 0.000000 , 0.274600 , 0.274600 , 0 , -1508
67725.00 , 0.275000 , 0.000000 , 0.274600 , 0.274600 , 0 , -1508
67825.00 , 0.275000 , 0.000000 , 0.275000 , 0.275000 , 0 , -1508
67925.00 , 0.275000 , 0.000000 , 0.274800 , 0.274800 , 0 , -1508
68025.00 , 0.275000 , 0.000000 , 0.274400 , 0.274400 , 0 , -1508
68125.00 , 0.275000 , 0.000000 , 0.274400 , 0.274400 , 0 , -1508
68225.00 , 0.275000 , 0.000000 , 0.274500 , 0.274500 , 0 , -1508
68325.00 , 0.275000 , 0.000000 , 0.274000 , 0.274000 , -1 , -1509
68425.00 , 0.275000 , 0.000000 , 0.275800 , 0.275800 , 0 , -1509
68525.00 , 0.275000 , 0.000000 , 0.276000 , 0.276000 , 0 , -1509
68625.00 , 0.275000 , 0.000000 , 0.275600 , 0.275600 , 0 , -1509
68725.00 , 0.275000 , 0.000000 , 0.275800 , 0.275800 , 0 , -1509
68825.00 , 0.275000 , 0.000000 , 0.275800 , 0.275800 , 0 , -1509
68925.00 , 0.275000 , 0.000000 , 0.275700 , 0.275700 , 0 , -1509
69025.00 , 0.275000 , 0.000000 , 0.275500 , 0.275500 , 0 , -1509
69125.00 , 0.275000 , 0.000000 , 0.275100 , 0.275100 , 0 , -1509
69225.00 , 0.275000 , 0.000000 , 0.274400 , 0.274400 , 0 , -1509
69325.00 , 0.275000 , 0.000000 , 0.275000 , 0.275000 , 0 , -1509
69425.00 , 0.275000 , 0.000000 , 0.274800 , 0.274800 , 0 , -1509
69525.00 , 0.275000 , 0.000000 , 0.274600 , 0.274600 , 0 , -1509
69625.00 , 0.275000 , 0.000000 , 0.274500 , 0.274500 , 0 , -1509
69725.00 , 0.275000 , 0.000000 , 0.274800 , 0.274800 , 0 , -1509
69825.00 , 0.275000 , 0.000000 , 0.274000 , 0.274000 , -1 , -1510
69925.00 , 0.275000 , 0.000000 , 0.276700 , 0.276700 , 1 , -1509
70025.00 , 0.275000 , 0.000000 , 0.275700 , 0.275700 , 0 , -1509
70125.00 , 0.275000 , 0.000000 , 0.275300 , 0.275300 , 0 , -1509
70225.00 , 0.275000 , 0.000000 , 0.275500 , 0.275500 , 0 , -1509
