0.001 , -0.005
410348 , -0.004 , 0.000 , -0.004
410496 , -0.005 , 0.000 , -0.005
410644 , -0.5 , 0.000 , -0.005
410644 , -0.002 , 0.001 , -0.001
410792 , -0.004 , 0.001 , -0.003
410940 , -0.006 , 0.001 , -0.005
411088 , -0.005 , 0.001 , -0.004
411236 , -0.004 , 0.001 , -0.003
411384 , -0.003 , 0.001 , -0.002
411532 , -0.005 , 0.001 , -0.004
411680 , -0.003 , 0.001 , -0.002
411828 , -0.002 , 0.001 , -0.001
411976 , -0.003 , 0.000 , -0.002
412124 , -0.004 , 0.001 , -0.003
412272 , -0.005 , 0.001 , -0.005
412420 , -0.006 , 0.000 , -0.006
412568 , -0.005 , 0.000 , -0.005
412716 , -0.004 , 0.001 , -0.003
412864 , -0.004 , 0.001 , -0.003
413012 , -0.004 , 0.000 , -0.004
413160 , -0.003 , 0.000 , -0.003
413308 , -0.003 , 0.000 , -0.003
413456 , -0.002 , 0.001 , -0.001
413604 , -0.005 , 0.000 , -0.005
413752 , -0.003 , 0.001 , -0.002
413900 , -0.005 , 0.001 , -0.005
414048 , -0.002 , 0.001 , -0.001
414196 , -0.005 , 0.001 , -0.004
414344 , -0.006 , 0.001 , -0.005
414492 , -0.006 , 0.000 , -0.006
414640 , -0.003 , 0.001 , -0.002
414788 , -0.006 , 0.001 , -0.005
414936 , -0.001 , 0.001 , -0.001
415084 , -0.003 , 0.000 , -0.002
415232 , -0.006 , 0.000 , -0.006
415380 , -0.006 , 0.001 , -0.005
415528 , -0.003 , 0.001 , -0.002
415676 , -0.003 , 0.000 , -0.002
415824 , -0.004 , 0.000 , -0.004
415972 , -0.004 , 0.000 , -0.004
416120 , -0.004 , 0.000 , -0.004
416268 , -0.003 , 0.001 , -0.002
416416 , -0.006 , 0.001 , -0.005
416564 , -0.004 , 0.000 , -0.004
416712 , -0.005 , 0.001 , -0.004
416860 , -0.002 , 0.001 , -0.001
417008 , -0.009 , 0.001 , -0.008
417156 , -0.002 , 0.000 , -0.002
417304 , -0.003 , 0.001 , -0.003
417452 , -0.003 , 0.001 , -0.002
417600 , -0.008 , 0.001 , -0.007
417748 , -0.005 , 0.000 , -0.005
417896 , -0.004 , 0.000 , -0.004
418044 , -0.003 , 0.001 , -0.003
418192 , -0.005 , 0.001 , -0.004
418340 , -0.003 , 0.001 , -0.002
418488 , -0.006 , 0.001 , -0.005
418636 , -0.005 , 0.001 , -0.004
418784 , -0.007 , 0.000 , -0.007
418932 , -0.007 , 0.001 , -0.006
419080 , -0.005 , 0.000 , -0.005
419228 , -0.003 , 0.001 , -0.003
419376 , -0.003 , 0.000 , -0.002
419524 , -0.005 , 0.001 , -0.005
419672 , -0.002 , 0.000 , -0.002
419820 , -0.005 , 0.001 , -0.004
419968 , -0.004 , 0.001 , -0.003
420116 , -0.007 , 0.001 , -0.006
420264 , -0.002 , 0.000 , -0.002
420412 , -0.002 , 0.001 , -0.001
420560 , -0.005 , 0.000 , -0.004
420708 , -0.003 , 0.001 , -0.003
420856 , -0.002 , 0.001 , -0.001
421004 , -0.003 , 0.000 , -0.003
421152 , -0.005 , 0.001 , -0.005
421300 , -0.005 , 0.001 , -0.005
421448 , -0.003 , 0.001 , -0.002
421596 , -0.006 , 0.000 , -0.005
421744 , -0.004 , 0.001 , -0.003
421892 , -0.003 , 0.000 , -0.003
422040 , -0.005 , 0.001 , -0.005
422188 , -0.005 , 0.001 , -0.004
422336 , -0.005 , 0.000 , -0.004
422484 , -0.003 , 0.001 , -0.003
422632 , -0.005 , 0.001 , -0.004
422780 , -0.004 , 0.001 , -0.003
422928 , -0.005 , 0.001 , -0.004
423076 , -0.005 , 0.001 , -0.004
423224 , -0.003 , 0.001 , -0.002
423372 , -0.004 , 0.001 , -0.003
423520 , -0.005 , 0.001 , -0.005
423668 , -0.003 , 0.000 , -0.003
423816 , -0.003 , 0.000 , -0.002
423964 , -0.005 , 0.001 , -0.004
424112 , -0.005 , 0.000 , -0.005
424260 , -0.003 , 0.001 , -0.002
424408 , -0.002 , 0.001 , -0.001
424556 , -0.006 , 0.000 , -0.005
424704 , -0.003 , 0.001 , -0.003
424852 , -0.003 , 0.001 , -0.002
425000 , -0.004 , 0.000 , -0.004
425148 , -0.005 , 0.001 , -0.005
425296 , -0.001 , 0.000 , -0.001
425444 , -0.003 , 0.000 , -0.003
425592 , -0.001 , 0.001 , -0.001
425740 , -0.005 , 0.000 , -0.004
425888 , -0.004 , 0.000 , -0.004
426036 , -0.004 , 0.001 , -0.003
426184 , -0.003 , 0.000 , -0.003
426332 , -0.005 , 0.001 , -0.004
426480 , -0.003 , 0.001 , -0.003
426628 , -0.007 , 0.001 , -0.007
426776 , -0.006 , 0.001 , -0.005
459336 , -0.004 , 0.001 , -0.003
459484 , -0.007 , 0.001 , -0.006
459632 , -0.005 , 0.001 , -0.005
459780 , -0.005 , 0.001 , -0.004
459928 , -0.005 , 0.001 , -0.004
460076 , -0.004 , 0.000 , -0.004
460224 , -0.004 , 0.001 , -0.003
460372 , -0.003 , 0.000 , -0.003
460520 , -0.003 , 0.001 , -0.003
460668 , -0.005 , 0.000 , -0.005
460816 , -0.005 , 0.000 , -0.005
460964 , -0.004 , 0.001 , -0.003
461112 , -0.006 , 0.001 , -0.005
461260 , -0.005 , 0.000 , -0.004
461408 , -0.007 , 0.001 , -0.006
461556 , -0.003 , -0.000 , -0.003
461704 , -0.005 , 0.001 , -0.005
461852 , -0.007 , 0.001 , -0.007
462000 , -0.003 , 0.000 , -0.003
462148 , -0.005 , 0.001 , -0.004
462296 , -0.005 , 0.001 , -0.005
462444 , -0.004 , 0.000 , -0.004
462592 , -0.002 , 0.001 , -0.001
462740 , -0.008 , 0.000 , -0.008
462888 , -0.007 , 0.000 , -0.006
463036 , -0.003 , 0.000 , -0.003
463184 , -0.007 , 0.001 , -0.006
463332 , -0.007 , 0.001 , -0.007
463480 , -0.003 , 0.001 , -0.002
463628 , -0.006 , 0.000 , -0.006
463776 , -0.001 , 0.001 , 0.000
463924 , -0.005 , 0.001 , -0.004
464072 , -0.009 , 0.000 , -0.008
464220 , -0.006 , 0.001 , -0.005
464368 , -0.003 , 0.001 , -0.002
464516 , -0.005 , 0.000 , -0.004
464664 , -0.003 , 0.002 , -0.001
464812 , -0.004 , 0.001 , -0.003
464960 , -0.007 , 0.000 , -0.007
465108 , -0.004 , 0.000 , -0.004
465256 , -0.003 , 0.001 , -0.002
465404 , -0.001 , 0.001 , 0.000
465552 , -0.001 , 0.000 , -0.001
465700 , -0.002 , 0.000 , -0.002
465848 , -0.004 , 0.000 , -0.004
465996 , -0.003 , 0.001 , -0.002
466144 , -0.005 , 0.000 , -0.005
466292 , -0.004 , 0.000 , -0.004
466440 , -0.009 , 0.000 , -0.008
466588 , -0.006 , 0.001 , -0.005
466736 , -0.002 , 0.001 , -0.001
466884 , -0.005 , 0.001 , -0.004
467032 , -0.007 , 0.000 , -0.007
467180 , -0.005 , 0.001 , -0.004
467328 , -0.005 , 0.000 , -0.004
467476 , -0.007 , 0.001 , -0.006
467624 , -0.003 , 0.000 , -0.003
467772 , -0.002 , 0.001 , -0.001
467920 , -0.004 , 0.001 , -0.003
468068 , -0.004 , 0.000 , -0.004
468216 , -0.003 , 0.000 , -0.002
468364 , -0.005 , 0.001 , -0.005
468512 , -0.002 , 0.001 , -0.001
468660 , -0.005 , 0.001 , -0.005
468808 , -0.004 , 0.001 , -0.003
468956 , -0.003 , 0.000 , -0.002
469104 , -0.005 , 0.001 , -0.004
469252 , -0.005 , 0.000 , -0.004
469400 , -0.005 , 0.001 , -0.004
469548 , -0.004 , 0.001 , -0.003
469696 , -0.003 , 0.000 , -0.002
469844 , -0.005 , 0.001 , -0.005
469992 , -0.003 , 0.001 , -0.002
470140 , -0.001 , 0.001 , -0.001
470288 , -0.003 , 0.001 , -0.003
470436 , -0.003 , 0.000 , -0.003
470584 , -0.004 , 0.001 , -0.003
470732 , -0.002 , 0.000 , -0.002
470880 , -0.003 , 0.001 , -0.002
471028 , -0.003 , 0.001 , -0.002
471176 , -0.004 , 0.001 , -0.003
471324 , -0.003 , 0.001 , -0.003
471472 , -0.003 , 0.000 , -0.002
471620 , -0.003 , 0.000 , -0.003
471768 , -0.007 , 0.001 , -0.007
471916 , -0.003 , 0.001 , -0.003
472064 , -0.001 , 0.000 , -0.001
472212 , -0.005 , 0.001 , -0.005
472360 , -0.003 , 0.000 , -0.002
472508 , -0.005 , 0.001 , -0.004
472656 , -0.009 , 0.001 , -0.008
472804 , 0.647 , 0.002 , 0.649
472952 , 2.189 , 0.001 , 2.189
473100 , 11.791 , 0.001 , 11.792
473248 , 18.914 , -0.001 , 18.913
473396 , 12.987 , 0.000 , 12.988
473544 , 7.967 , -0.000 , 7.966
473692 , 4.412 , -0.000 , 4.412
473840 , 1.165 , 0.000 , 1.166
473988 , 0.137 , 0.000 , 0.137
474136 , 0.031 , 0.000 , 0.031
474284 , 0.007 , 0.000 , 0.007
474432 , 0.001 , 0.000 , 0.002
474580 , 0.003 , 0.000 , 0.003
474728 , 0.001 , -0.000 , 0.000
474876 , 0.002 , 0.000 , 0.002
475024 , -0.002 , 0.000 , -0.002
475172 , -0.001 , 0.000 , -0.001
475320 , -0.001 , 0.000 , -0.001
475468 , -0.009 , 0.000 , -0.009
475616 , -0.001 , 0.000 , -0.000
475764 , -0.003 , 0.000 , -0.003
475912 , 0.000 , 0.000 , 0.000
476060 , -0.003 , 0.000 , -0.003
476208 , -0.002 , 0.000 , -0.002
476356 , -0.001 , 0.000 , -0.001
476504 , -0.005 , -0.000 , -0.005
476652 , -0.004 , -0.000 , -0.004
476800 , -0.003 , 0.000 , -0.003
476948 , -0.001 , -0.000 , -0.002
477096 , -0.008 , 0.000 , -0.008
477244 , -0.001 , 0.000 , -0.001
477392 , -0.008 , -0.000 , -0.008
477540 , -0.001 , 0.000 , -0.001
477688 , -0.002 , 0.000 , -0.002
477836 , -0.003 , 0.000 , -0.003
477984 , -0.003 , 0.000 , -0.003
478132 , -0.003 , 0.000 , -0.003
478280 , -0.005 , 0.000 , -0.005
478428 , -0.004 , 0.000 , -0.004
478576 , -0.003 , 0.000 , -0.003
478724 , -0.002 , 0.000 , -0.002
478872 , -0.002 , 0.000 , -0.002
479020 , -0.001 , 0.000 , -0.001
479168 , -0.002 , 0.000 , -0.002
479316 , -0.001 , -0.000 , -0.002
479464 , -0.005 , -0.000 , -0.005
479612 , -0.003 , 0.000 , -0.002
479760 , 0.000 , -0.000 , -0.000
479908 , -0.003 , -0.000 , -0.003
480056 , -0.003 , -0.000 , -0.003
480204 , -0.003 , 0.000 , -0.003
480352 , -0.001 , 0.000 , -0.001
480500 , -0.002 , 0.000 , -0.002
480648 , -0.003 , -0.000 , -0.004
480796 , -0.005 , 0.000 , -0.004
480944 , -0.005 , 0.000 , -0.005
481092 , -0.005 , -0.000 , -0.005
481240 , -0.003 , 0.000 , -0.003
481388 , -0.003 , 0.000 , -0.003
481536 , 0.000 , 0.000 , 0.000
481684 , -0.003 , -0.000 , -0.004
481832 , -0.002 , 0.000 , -0.002
481980 , -0.004 , -0.000 , -0.004
482128 , -0.003 , 0.000 , -0.002
482276 , -0.003 , -0.000 , -0.003
482424 , -0.004 , -0.000 , -0.004
482572 , -0.003 , 0.000 , -0.002
482720 , -0.003 , 0.000 , -0.003
482868 , -0.007 , -0.000 , -0.007
483016 , -0.005 , -0.000 , -0.005
483164 , -0.006 , 0.000 , -0.006
483312 , -0.003 , 0.000 , -0.003
483460 , -0.003 , 0.000 , -0.003
483608 , -0.002 , 0.000 , -0.002
483756 , -0.001 , -0.000 , -0.002
483904 , -0.001 , 0.000 , -0.000
484052 , -0.004 , 0.000 , -0.004
484200 , -0.003 , 0.000 , -0.002
484348 , -0.004 , 0.000 , -0.004
484496 , -0.002 , 0.000 , -0.002
484644 , -0.001 , 0.000 , -0.001
484792 , -0.005 , 0.000 , -0.005
484940 , -0.005 , 0.000 , -0.005
485088 , -0.003 , -0.000 , -0.004
485236 , -0.004 , 0.000 , -0.004
485384 , -0.003 , -0.000 , -0.003
485532 , -0.009 , -0.000 , -0.009
485680 , -0.007 , 0.000 , -0.007
485828 , -0.003 , 0.000 , -0.003
485976 , -0.005 , 0.000 , -0.005
486124 , -0.003 , -0.000 , -0.003
486272 , -0.005 , -0.000 , -0.005
486420 , -0.003 , 0.000 , -0.002
486568 , -0.003 , 0.000 , -0.003
486716 , -0.003 , 0.000 , -0.003
486864 , -0.003 , -0.000 , -0.004
487012 , -0.003 , 0.000 , -0.003
487160 , -0.003 , -0.000 , -0.003
487308 , -0.007 , 0.000 , -0.007
487456 , -0.004 , 0.000 , -0.004
487604 , -0.003 , 0.000 , -0.003
487752 , -0.001 , -0.000 , -0.001
487900 , -0.003 , 0.000 , -0.003
488048 , -0.004 , -0.000 , -0.004
488196 , -0.003 , 0.000 , -0.002
488344 , -0.003 , 0.000 , -0.002
488492 , -0.003 , -0.000 , -0.003
488640 , -0.005 , -0.000 , -0.005
488788 , -0.002 , 0.000 , -0.002
488936 , -0.006 , 0.000 , -0.006
489084 , -0.002 , 0.000 , -0.002
489232 , -0.003 , 0.000 , -0.003
489380 , -0.004 , 0.000 , -0.004
489528 , -0.005 , 0.000 , -0.005
489676 , -0.003 , 0.000 , -0.002
489824 , -0.004 , -0.000 , -0.004
489972 , -0.007 , -0.000 , -0.007
490120 , -0.002 , 0.000 , -0.002
490268 , -0.006 , 0.000 , -0.006
490416 , -0.004 , 0.000 , -0.004
490564 , -0.003 , 0.000 , -0.003
490712 , -0.001 , 0.000 , -0.001
490860 , -0.001 , -0.000 , -0.001
491008 , -0.005 , -0.000 , -0.005
491156 , -0.005 , 0.000 , -0.005
491304 , -0.003 , 0.000 , -0.003
491452 , -0.003 , 0.000 , -0.003
491600 , -0.004 , 0.000 , -0.004
491748 , -0.005 , 0.000 , -0.005
491896 , -0.002 , 0.000 , -0.002
492044 , -0.005 , -0.000 , -0.005
492192 , -0.002 , -0.000 , -0.002
492340 , -0.005 , -0.000 , -0.006
492488 , -0.005 , 0.000 , -0.005
492636 , -0.003 , 0.000 , -0.003
492784 , -0.005 , -0.000 , -0.005
492932 , -0.003 , -0.000 , -0.003
493080 , -0.003 , 0.000 , -0.003
493228 , -0.003 , -0.000 , -0.003
493376 , -0.001 , 0.000 , -0.001
493524 , -0.005 , -0.000 , -0.006
493672 , -0.003 , -0.000 , -0.003
493820 , -0.001 , 0.000 , -0.001
493968 , -0.004 , -0.000 , -0.004
494116 , -0.003 , 0.000 , -0.003
494264 , -0.003 , 0.000 , -0.003
494412 , -0.002 , 0.000 , -0.002
494560 , -0.003 , -0.000 , -0.003
494708 , -0.003 , 0.000 , -0.003
494856 , -0.006 , 0.000 , -0.006
495004 , -0.003 , 0.000 , -0.003
495152 , -0.003 , -0.000 , -0.003
495300 , -0.001 , 0.000 , -0.001
495448 , -0.003 , -0.000 , -0.003
495596 , -0.003 , 0.000 , -0.003
495744 , -0.004 , 0.000 , -0.004
495892 , -0.001 , 0.000 , -0.001
496040 , -0.002 , 0.000 , -0.002
496188 , -0.004 , 0.000 , -0.004
496336 , -0.003 , 0.000 , -0.003
496484 , -0.007 , 0.000 , -0.007
496632 , 0.000 , 0.000 , 0.000
496780 , -0.005 , 0.000 , -0.005
496928 , -0.003 , -0.000 , -0.004
497076 , -0.003 , -0.000 , -0.003
497224 , -0.006 , -0.000 , -0.007
497372 , 0.003 , -0.000 , 0.003
497520 , -0.003 , -0.000 , -0.004
497668 , -0.003 , 0.000 , -0.003
497816 , -0.003 , 0.000 , -0.003
497964 , -0.005 , 0.000 , -0.004
498112 , -0.003 , -0.000 , -0.003
498260 , -0.002 , 0.000 , -0.002
498408 , -0.003 , 0.000 , -0.003
498556 , -0.004 , 0.000 , -0.004
498704 , -0.001 , 0.000 , -0.001
498852 , -0.003 , 0.000 , -0.002
499000 , -0.003 , 0.000 , -0.003
499148 , -0.004 , 0.000 , -0.004
499296 , -0.006 , 0.000 , -0.006
499444 , -0.006 , -0.000 , -0.006
499592 , -0.004 , 0.000 , -0.004
499740 , -0.005 , 0.000 , -0.004
499888 , 1.118 , -0.000 , 1.118
500036 , 18.340 , -0.001 , 18.339
500184 , 33.141 , 0.000 , 33.141
500332 , 36.789 , -0.001 , 36.788
500480 , 37.177 , -0.001 , 37.176
500628 , 36.850 , 0.001 , 36.851
500776 , 37.418 , 0.001 , 37.419
500924 , 37.151 , -0.002 , 37.150
501072 , 37.813 , -0.001 , 37.811
501220 , 37.457 , 0.002 , 37.459
501368 , 37.342 , 0.001 , 37.343
501516 , 37.609 , 0.001 , 37.610
501664 , 37.594 , 0.001 , 37.595
501812 , 37.513 , 0.001 , 37.514
501960 , 37.121 , 0.002 , 37.124
502108 , 25.142 , -0.001 , 25.141
502256 , 13.209 , 0.000 , 13.210
502404 , 4.253 , 0.000 , 4.253
502552 , 0.302 , -0.000 , 0.302
502700 , 0.057 , -0.000 , 0.057
502848 , 0.015 , 0.000 , 0.015
502996 , 32.431 , 0.000 , 32.432
503144 , 38.055 , 0.001 , 38.056
503292 , 38.594 , -0.000 , 38.594
503440 , 37.845 , -0.001 , 37.844
503588 , 38.102 , -0.001 , 38.101
503736 , 38.329 , -0.000 , 38.328
503884 , 38.122 , -0.000 , 38.122
504032 , 38.071 , -0.000 , 38.071
504180 , 38.667 , 0.001 , 38.667
504328 , 38.107 , 0.000 , 38.107
504476 , 38.172 , -0.000 , 38.172
504624 , 38.440 , 0.001 , 38.441
504772 , 38.107 , -0.001 , 38.106
504920 , 38.267 , 0.002 , 38.268
505068 , 38.524 , -0.000 , 38.524
505216 , 37.989 , 0.003 , 37.992
505364 , 38.385 , -0.001 , 38.384
505512 , 38.633 , 0.001 , 38.634
505660 , 37.897 , 0.000 , 37.898
505808 , 38.068 , -0.001 , 38.067
505956 , 38.129 , -0.002 , 38.128
506104 , 38.229 , -0.002 , 38.228
506252 , 38.459 , 0.001 , 38.460
506400 , 38.774 , -0.001 , 38.773
506548 , 38.494 , 0.001 , 38.495
506696 , 38.583 , 0.002 , 38.584
506844 , 38.355 , 0.000 , 38.355
506992 , 38.444 , 0.001 , 38.445
507140 , 38.185 , 0.000 , 38.185
507288 , 38.527 , 0.001 , 38.527
507436 , 38.135 , 0.001 , 38.136
507584 , 38.916 , -0.000 , 38.916
507732 , 38.156 , 0.000 , 38.156
507880 , 38.390 , 0.002 , 38.392
508028 , 38.561 , -0.001 , 38.560
508176 , 38.466 , 0.001 , 38.467
508324 , 38.415 , -0.001 , 38.413
508472 , 38.239 , 0.001 , 38.239
508620 , 38.422 , 0.003 , 38.425
508768 , 38.911 , 0.002 , 38.912
508916 , 38.227 , 0.003 , 38.229
509064 , 38.428 , -0.000 , 38.428
509212 , 38.232 , -0.000 , 38.232
509360 , 38.374 , -0.002 , 38.372
509508 , 38.365 , 0.001 , 38.366
509656 , 38.020 , 0.000 , 38.020
509804 , 38.343 , 0.001 , 38.344
509952 , 38.449 , -0.002 , 38.446
510100 , 38.317 , 0.001 , 38.318
510248 , 38.155 , 0.000 , 38.155
510396 , 38.102 , 0.002 , 38.104
510544 , 38.835 , -0.000 , 38.835
510692 , 38.232 , 0.002 , 38.235
510840 , 38.545 , 0.001 , 38.547
510988 , 38.372 , 0.000 , 38.372
511136 , 38.259 , 0.000 , 38.259
511284 , 38.272 , 0.002 , 38.274
511432 , 38.562 , -0.001 , 38.561
511580 , 38.845 , -0.002 , 38.843
511728 , 38.275 , -0.000 , 38.274
511876 , 38.369 , 0.000 , 38.370
512024 , 38.652 , 0.003 , 38.655
512172 , 38.366 , 0.001 , 38.367
512320 , 38.752 , -0.000 , 38.752
512468 , 38.555 , 0.002 , 38.557
512616 , 38.363 , 0.002 , 38.365
512764 , 38.607 , 0.002 , 38.609
512912 , 38.382 , 0.001 , 38.383
513060 , 38.287 , 0.001 , 38.288
513208 , 38.588 , 0.001 , 38.589
513356 , 38.669 , 0.002 , 38.672
513504 , 38.437 , 0.001 , 38.438
513652 , 38.511 , 0.002 , 38.513
513800 , 38.575 , 0.001 , 38.576
513948 , 38.078 , 0.001 , 38.079
514096 , 38.327 , 0.002 , 38.329
514244 , 38.721 , 0.001 , 38.722
514392 , 38.309 , 0.003 , 38.312
514540 , 38.227 , 0.001 , 38.229
514688 , 38.463 , 0.001 , 38.463
514836 , 38.504 , 0.002 , 38.506
514984 , 38.317 , -0.001 , 38.316
515132 , 38.407 , 0.003 , 38.409
515280 , 38.244 , -0.000 , 38.244
515428 , 38.205 , 0.001 , 38.206
515576 , 38.767 , 0.002 , 38.769
515724 , 38.151 , 0.000 , 38.151
515872 , 38.245 , 0.000 , 38.245
516020 , 38.209 , 0.003 , 38.212
516168 , 38.353 , 0.000 , 38.353
516316 , 38.375 , 0.002 , 38.377
516464 , 38.487 , -0.001 , 38.486
516612 , 38.553 , -0.001 , 38.552
516760 , 38.396 , 0.000 , 38.396
516908 , 38.693 , 0.001 , 38.695
517056 , 38.266 , 0.002 , 38.268
517204 , 38.160 , 0.002 , 38.162
517352 , 38.638 , 0.000 , 38.638
517500 , 38.144 , 0.002 , 38.145
517648 , 38.400 , 0.001 , 38.401
517796 , 38.408 , -0.000 , 38.408
517944 , 38.487 , 0.000 , 38.488
518092 , 38.531 , -0.001 , 38.530
518240 , 38.376 , 0.001 , 38.377
518388 , 38.702 , 0.000 , 38.702
518536 , 38.321 , -0.000 , 38.320
518684 , 38.432 , 0.002 , 38.434
518832 , 38.669 , 0.002 , 38.671
518980 , 38.641 , -0.001 , 38.640
519128 , 38.703 , 0.004 , 38.707
519276 , 38.457 , 0.001 , 38.458
519424 , 38.467 , 0.001 , 38.468
519572 , 38.679 , -0.001 , 38.679
519720 , 38.767 , 0.000 , 38.768
519868 , 38.546 , 0.000 , 38.546
520016 , 38.881 , 0.001 , 38.883
520164 , 38.640 , 0.001 , 38.641
520312 , 38.427 , 0.002 , 38.429
520460 , 38.646 , -0.001 , 38.645
520608 , 38.602 , -0.002 , 38.600
520756 , 38.736 , 0.002 , 38.738
520904 , 38.561 , 0.001 , 38.563
521052 , 38.301 , -0.001 , 38.299
521200 , 38.432 , 0.002 , 38.434
521348 , 38.129 , 0.000 , 38.130
521496 , 38.187 , -0.001 , 38.186
521644 , 38.256 , 0.001 , 38.257
521792 , 38.289 , -0.001 , 38.288
521940 , 38.749 , 0.002 , 38.751
522088 , 38.108 , -0.000 , 38.108
522236 , 38.689 , -0.000 , 38.689
522384 , 38.261 , 0.001 , 38.261
522532 , 38.529 , 0.001 , 38.530
522680 , 38.651 , 0.001 , 38.653
522828 , 38.181 , -0.001 , 38.181
522976 , 38.434 , -0.000 , 38.434
523124 , 38.755 , 0.000 , 38.755
523272 , 38.601 , -0.000 , 38.601
523420 , 38.637 , -0.000 , 38.636
523568 , 38.865 , -0.000 , 38.865
523716 , 38.367 , -0.002 , 38.365
523864 , 38.265 , 0.002 , 38.267
524012 , 38.248 , 0.000 , 38.248
524160 , 38.435 , 0.001 , 38.437
524308 , 38.415 , -0.002 , 38.414
524456 , 38.386 , -0.000 , 38.386
524604 , 38.290 , 0.001 , 38.291
524752 , 38.546 , -0.000 , 38.546
524900 , 38.149 , 0.002 , 38.151
525048 , 38.148 , 0.000 , 38.148
525196 , 38.338 , 0.001 , 38.339
525344 , 38.899 , 0.002 , 38.900
525492 , 38.277 , 0.001 , 38.278
525640 , 38.557 , -0.000 , 38.556
525788 , 38.343 , -0.000 , 38.343
525936 , 38.423 , 0.001 , 38.424
526084 , 38.363 , 0.001 , 38.364
526232 , 38.601 , 0.001 , 38.602
526380 , 38.941 , 0.000 , 38.941
526528 , 38.253 , 0.001 , 38.254
526676 , 38.272 , 0.000 , 38.272
526824 , 38.605 , 0.001 , 38.607
526972 , 38.228 , 0.002 , 38.230
527120 , 38.598 , 0.001 , 38.599
527268 , 38.785 , 0.002 , 38.788
527416 , 38.737 , 0.000 , 38.737
527564 , 38.165 , -0.001 , 38.164
527712 , 38.379 , -0.001 , 38.378
527860 , 38.587 , 0.002 , 38.589
528008 , 38.111 , 0.001 , 38.112
528156 , 38.724 , 0.000 , 38.724
528304 , 38.715 , 0.001 , 38.715
528452 , 38.413 , -0.000 , 38.413
528600 , 38.411 , -0.000 , 38.410
528748 , 38.455 , -0.000 , 38.455
528896 , 38.341 , -0.000 , 38.340
529044 , 38.115 , 0.000 , 38.115
529192 , 38.611 , 0.000 , 38.612
529340 , 38.273 , -0.000 , 38.273
529488 , 38.503 , 0.002 , 38.505
529636 , 38.833 , 0.001 , 38.834
529784 , 38.635 , 0.002 , 38.637
529932 , 38.251 , -0.000 , 38.250
530080 , 38.539 , 0.001 , 38.539
530228 , 38.642 , 0.002 , 38.644
530376 , 38.462 , 0.002 , 38.464
530524 , 38.507 , 0.001 , 38.507
530672 , 38.343 , -0.002 , 38.341
530820 , 38.784 , -0.000 , 38.784
530968 , 38.599 , -0.002 , 38.596
531116 , 38.422 , -0.001 , 38.421
531264 , 38.666 , -0.002 , 38.664
531412 , 38.406 , 0.000 , 38.406
531560 , 38.587 , 0.001 , 38.588
531708 , 38.572 , 0.000 , 38.572
531856 , 38.391 , -0.000 , 38.391
532004 , 38.380 , 0.000 , 38.381
532152 , 37.898 , 0.001 , 37.899
532300 , 38.605 , 0.001 , 38.606
532448 , 38.248 , 0.000 , 38.248
532596 , 38.657 , -0.000 , 38.657
532744 , 38.734 , -0.000 , 38.734
532892 , 38.717 , -0.000 , 38.716
533040 , 38.604 , -0.001 , 38.603
533188 , 38.803 , 0.002 , 38.805
533336 , 38.327 , -0.001 , 38.326
533484 , 38.810 , -0.000 , 38.810
533632 , 38.930 , 0.001 , 38.931
533780 , 38.458 , -0.000 , 38.458
533928 , 38.292 , -0.000 , 38.292
534076 , 38.847 , 0.000 , 38.847
534224 , 37.971 , -0.000 , 37.970
534372 , 38.373 , 0.000 , 38.373
534520 , 38.142 , 0.000 , 38.142
534668 , 38.485 , 0.001 , 38.485
534816 , 38.216 , -0.001 , 38.215
534964 , 38.293 , 0.002 , 38.295
535112 , 38.653 , -0.001 , 38.653
535260 , 38.311 , 0.001 , 38.312
535408 , 38.751 , 0.001 , 38.751
535556 , 38.601 , 0.000 , 38.601
535704 , 38.441 , -0.001 , 38.440
535852 , 38.660 , -0.000 , 38.660
536000 , 38.542 , 0.003 , 38.545
536148 , 38.327 , -0.000 , 38.327
536296 , 38.871 , 0.000 , 38.871
536444 , 38.481 , -0.002 , 38.479
536592 , 38.726 , 0.001 , 38.727
536740 , 38.279 , -0.000 , 38.279
536888 , 37.952 , 0.002 , 37.954
537036 , 38.619 , 0.001 , 38.620
537184 , 37.769 , -0.001 , 37.769
537332 , 38.067 , 0.001 , 38.068
537480 , 38.300 , 0.001 , 38.301
537628 , 38.518 , -0.001 , 38.517
537776 , 38.673 , 0.000 , 38.673
537924 , 38.591 , -0.002 , 38.589
538072 , 38.421 , 0.000 , 38.421
538220 , 38.159 , 0.003 , 38.162
538368 , 38.802 , 0.002 , 38.804
538516 , 38.231 , -0.002 , 38.229
538664 , 38.610 , 0.002 , 38.612
538812 , 39.071 , 0.002 , 39.073
538960 , 38.583 , 0.035 , 38.619
539108 , 38.485 , 0.046 , 38.531
539256 , 38.177 , 0.048 , 38.226
539404 , 38.383 , 0.049 , 38.431
539552 , 38.763 , 0.044 , 38.808
539700 , 38.224 , 0.047 , 38.271
539848 , 38.163 , 0.047 , 38.211
539996 , 38.653 , 0.045 , 38.699
540144 , 38.379 , 0.044 , 38.423
540292 , 38.577 , 0.048 , 38.625
540440 , 38.915 , 0.047 , 38.961
540588 , 38.673 , 0.044 , 38.718
540736 , 38.045 , 0.047 , 38.093
540884 , 38.118 , 0.047 , 38.165
541032 , 38.382 , 0.049 , 38.431
541180 , 38.669 , 0.048 , 38.717
541328 , 38.141 , 0.046 , 38.188
541476 , 38.158 , 0.046 , 38.204
541624 , 38.397 , 0.046 , 38.443
541772 , 38.634 , 0.047 , 38.681
541920 , 38.374 , 0.046 , 38.420
542068 , 38.402 , 0.042 , 38.444
542216 , 38.373 , 0.045 , 38.418
542364 , 38.609 , 0.045 , 38.653
542512 , 38.652 , 0.047 , 38.699
542660 , 38.671 , 0.046 , 38.717
542808 , 38.230 , 0.047 , 38.277
542956 , 38.333 , 0.045 , 38.378
543104 , 38.565 , 0.047 , 38.612
543252 , 38.366 , 0.047 , 38.413
543400 , 38.565 , 0.046 , 38.611
543548 , 38.262 , 0.047 , 38.309
543696 , 38.389 , 0.045 , 38.434
543844 , 38.524 , 0.050 , 38.574
543992 , 38.435 , 0.042 , 38.478
544140 , 38.716 , 0.045 , 38.761
544288 , 38.373 , 0.048 , 38.422
544436 , 38.400 , 0.046 , 38.446
544584 , 39.036 , 0.047 , 39.083
544732 , 38.345 , 0.045 , 38.390
544880 , 37.146 , 0.047 , 37.194
545028 , 35.585 , 0.048 , 35.632
545176 , 33.342 , 0.051 , 33.393
545324 , 33.167 , 0.048 , 33.215
545472 , 33.161 , 0.046 , 33.207
545620 , 28.859 , 0.049 , 28.909
545768 , 27.370 , 0.048 , 27.418
545916 , 27.073 , 0.049 , 27.123
546064 , 27.717 , 0.047 , 27.764
546212 , 27.349 , 0.047 , 27.396
546360 , 27.894 , 0.049 , 27.943
546508 , 27.445 , 0.048 , 27.492
546656 , 27.488 , 0.050 , 27.538
546804 , 27.194 , 0.046 , 27.240
546952 , 27.554 , 0.050 , 27.604
547100 , 27.578 , 0.048 , 27.627
547248 , 27.371 , 0.052 , 27.422
547396 , 27.789 , 0.048 , 27.837
547544 , 27.355 , 0.051 , 27.406
547692 , 27.117 , 0.051 , 27.168
547840 , 27.148 , 0.051 , 27.199
547988 , 27.161 , 0.050 , 27.211
548136 , 27.744 , 0.049 , 27.793
548284 , 27.350 , 0.049 , 27.399
548432 , 27.490 , 0.050 , 27.540
548580 , 27.417 , 0.051 , 27.468
548728 , 27.053 , 0.048 , 27.101
548876 , 27.405 , 0.052 , 27.456
549024 , 27.322 , 0.049 , 27.371
549172 , 26.938 , 0.046 , 26.984
549320 , 27.485 , 0.045 , 27.531
549468 , 27.305 , 0.050 , 27.355
549616 , 27.411 , 0.047 , 27.458
549764 , 27.351 , 0.046 , 27.398
549912 , 27.332 , 0.048 , 27.380
550060 , 27.445 , 0.050 , 27.495
550208 , 27.543 , 0.047 , 27.590
550356 , 27.330 , 0.050 , 27.380
550504 , 27.857 , 0.050 , 27.907
550652 , 27.310 , 0.047 , 27.357
550800 , 27.678 , 0.046 , 27.724
550948 , 27.283 , 0.049 , 27.332
551096 , 27.079 , 0.049 , 27.128
551244 , 27.241 , 0.046 , 27.287
551392 , 27.551 , 0.049 , 27.600
551540 , 27.663 , 0.050 , 27.712
551688 , 27.447 , 0.048 , 27.495
551836 , 27.517 , 0.049 , 27.565
551984 , 27.202 , 0.049 , 27.251
552132 , 27.359 , 0.048 , 27.407
552280 , 27.279 , 0.048 , 27.327
552428 , 27.574 , 0.050 , 27.624
552576 , 26.911 , 0.048 , 26.960
552724 , 27.312 , 0.048 , 27.360
552872 , 27.456 , 0.049 , 27.505
553020 , 27.200 , 0.049 , 27.249
553168 , 27.654 , 0.048 , 27.702
553316 , 27.655 , 0.047 , 27.701
553464 , 27.442 , 0.050 , 27.492
553612 , 27.464 , 0.047 , 27.511
553760 , 27.515 , 0.048 , 27.563
553908 , 27.429 , 0.050 , 27.479
554056 , 27.137 , 0.047 , 27.184
554204 , 27.515 , 0.047 , 27.562
554352 , 27.583 , 0.050 , 27.633
554500 , 27.531 , 0.050 , 27.581
554648 , 27.490 , 0.048 , 27.538
554796 , 27.487 , 0.048 , 27.534
554944 , 27.334 , 0.049 , 27.383
555092 , 26.987 , 0.047 , 27.033
555240 , 27.503 , 0.050 , 27.552
555388 , 27.206 , 0.050 , 27.256
555536 , 27.233 , 0.050 , 27.283
555684 , 27.505 , 0.048 , 27.553
555832 , 27.497 , 0.049 , 27.546
555980 , 27.411 , 0.049 , 27.460
556128 , 27.184 , 0.049 , 27.233
556276 , 27.349 , 0.049 , 27.398
556424 , 27.573 , 0.051 , 27.624
556572 , 27.229 , 0.048 , 27.277
556720 , 27.219 , 0.050 , 27.268
556868 , 27.415 , 0.048 , 27.463
557016 , 27.255 , 0.051 , 27.306
557164 , 27.195 , 0.044 , 27.240
557312 , 27.307 , 0.050 , 27.357
557460 , 27.616 , 0.046 , 27.662
557608 , 27.433 , 0.050 , 27.482
557756 , 27.968 , 0.047 , 28.015
557904 , 27.503 , 0.049 , 27.551
558052 , 27.437 , 0.049 , 27.487
558200 , 27.187 , 0.047 , 27.234
558348 , 27.408 , 0.051 , 27.459
558496 , 27.597 , 0.049 , 27.647
558644 , 27.787 , 0.047 , 27.834
558792 , 27.583 , 0.048 , 27.630
558940 , 28.168 , 0.049 , 28.217
559088 , 27.441 , 0.049 , 27.490
559236 , 27.654 , 0.047 , 27.701
559384 , 27.501 , 0.047 , 27.548
559532 , 27.419 , 0.048 , 27.467
559680 , 27.110 , 0.047 , 27.157
559828 , 27.085 , 0.049 , 27.134
559976 , 27.549 , 0.049 , 27.599
560124 , 27.550 , 0.047 , 27.597
560272 , 27.263 , 0.048 , 27.311
560420 , 27.239 , 0.047 , 27.287
560568 , 27.777 , 0.047 , 27.823
560716 , 27.682 , 0.046 , 27.728
560864 , 27.721 , 0.050 , 27.771
561012 , 27.449 , 0.048 , 27.497
561160 , 27.489 , 0.049 , 27.538
561308 , 27.260 , 0.049 , 27.309
561456 , 27.641 , 0.048 , 27.689
561604 , 27.308 , 0.046 , 27.354
561752 , 27.227 , 0.048 , 27.274
561900 , 27.470 , 0.049 , 27.519
562048 , 27.285 , 0.051 , 27.337
562196 , 27.173 , 0.045 , 27.219
562344 , 27.497 , 0.049 , 27.546
562492 , 27.439 , 0.048 , 27.487
562640 , 27.402 , 0.050 , 27.452
562788 , 27.373 , 0.047 , 27.421
562936 , 27.684 , 0.048 , 27.732
563084 , 26.921 , 0.047 , 26.967
563232 , 27.529 , 0.047 , 27.575
563380 , 27.351 , 0.048 , 27.399
563528 , 27.917 , 0.046 , 27.963
563676 , 27.259 , 0.048 , 27.307
563824 , 27.047 , 0.046 , 27.093
563972 , 27.598 , 0.049 , 27.647
564120 , 27.309 , 0.048 , 27.357
564268 , 27.374 , 0.052 , 27.426
564416 , 27.193 , 0.047 , 27.241
564564 , 27.202 , 0.049 , 27.251
564712 , 27.221 , 0.050 , 27.271
564860 , 27.120 , 0.051 , 27.171
565008 , 27.209 , 0.048 , 27.258
565156 , 27.011 , 0.049 , 27.061
565304 , 27.591 , 0.047 , 27.638
565452 , 27.217 , 0.047 , 27.264
565600 , 27.707 , 0.048 , 27.755
565748 , 27.217 , 0.049 , 27.266
565896 , 27.409 , 0.048 , 27.458
566044 , 27.203 , 0.048 , 27.251
566192 , 27.056 , 0.046 , 27.102
566340 , 27.529 , 0.047 , 27.576
566488 , 27.569 , 0.045 , 27.614
566636 , 27.206 , 0.050 , 27.256
566784 , 27.709 , 0.049 , 27.758
566932 , 27.785 , 0.051 , 27.837
567080 , 27.966 , 0.049 , 28.015
567228 , 27.015 , 0.048 , 27.063
567376 , 27.261 , 0.049 , 27.310
567524 , 27.481 , 0.048 , 27.528
567672 , 27.421 , 0.048 , 27.469
567820 , 27.283 , 0.049 , 27.332
567968 , 27.658 , 0.047 , 27.705
568116 , 27.359 , 0.051 , 27.410
568264 , 27.399 , 0.051 , 27.450
568412 , 26.865 , 0.051 , 26.916
568560 , 27.298 , 0.049 , 27.347
568708 , 27.501 , 0.049 , 27.550
568856 , 27.345 , 0.048 , 27.394
569004 , 27.136 , 0.049 , 27.185
569152 , 27.032 , 0.043 , 27.075
569300 , 27.347 , 0.049 , 27.396
569448 , 27.265 , 0.048 , 27.313
569596 , 27.300 , 0.046 , 27.346
569744 , 27.195 , 0.047 , 27.243
569892 , 27.506 , 0.050 , 27.556
570040 , 27.561 , 0.046 , 27.607
570188 , 27.469 , 0.048 , 27.517
570336 , 27.545 , 0.048 , 27.593
570484 , 27.195 , 0.046 , 27.241
570632 , 27.183 , 0.050 , 27.232
570780 , 27.424 , 0.049 , 27.473
570928 , 27.371 , 0.048 , 27.419
571076 , 27.459 , 0.047 , 27.506
571224 , 27.294 , 0.049 , 27.343
571372 , 27.227 , 0.049 , 27.276
571520 , 27.559 , 0.045 , 27.604
571668 , 27.534 , 0.048 , 27.582
571816 , 27.326 , 0.045 , 27.371
571964 , 27.351 , 0.048 , 27.400
572112 , 27.321 , 0.049 , 27.371
572260 , 27.583 , 0.050 , 27.633
572408 , 27.399 , 0.046 , 27.445
572556 , 27.233 , 0.050 , 27.282
572704 , 27.047 , 0.049 , 27.095
572852 , 27.361 , 0.049 , 27.411
573000 , 27.304 , 0.047 , 27.351
573148 , 27.410 , 0.049 , 27.459
573296 , 27.521 , 0.049 , 27.570
573444 , 27.289 , 0.051 , 27.340
573592 , 27.329 , 0.048 , 27.376
573740 , 27.705 , 0.046 , 27.751
573888 , 27.363 , 0.049 , 27.412
574036 , 27.125 , 0.048 , 27.173
574184 , 27.535 , 0.046 , 27.582
574332 , 27.251 , 0.050 , 27.302
574480 , 27.080 , 0.047 , 27.127
574628 , 27.080 , 0.045 , 27.125
574776 , 27.034 , 0.046 , 27.080
574924 , 27.348 , 0.051 , 27.399
575072 , 27.141 , 0.048 , 27.190
575220 , 27.299 , 0.050 , 27.349
575368 , 27.384 , 0.046 , 27.430
575516 , 27.785 , 0.047 , 27.832
575664 , 27.431 , 0.048 , 27.478
575812 , 27.094 , 0.046 , 27.140
575960 , 27.322 , 0.047 , 27.370
576108 , 27.259 , 0.045 , 27.304
576256 , 27.616 , 0.047 , 27.663
576404 , 27.331 , 0.048 , 27.378
576552 , 27.056 , 0.045 , 27.101
576700 , 27.135 , 0.044 , 27.179
576848 , 27.399 , 0.048 , 27.446
576996 , 27.302 , 0.049 , 27.351
577144 , 27.275 , 0.048 , 27.322
577292 , 26.986 , 0.047 , 27.033
577440 , 27.428 , 0.048 , 27.476
577588 , 27.026 , 0.048 , 27.074
577736 , 27.117 , 0.048 , 27.164
577884 , 27.392 , 0.047 , 27.439
578032 , 27.457 , 0.049 , 27.506
578180 , 27.181 , 0.047 , 27.228
578328 , 27.047 , 0.049 , 27.095
578476 , 27.376 , 0.047 , 27.423
578624 , 27.367 , 0.050 , 27.417
578772 , 27.526 , 0.048 , 27.573
578920 , 27.299 , 0.050 , 27.349
579068 , 27.229 , 0.049 , 27.279
579216 , 27.264 , 0.051 , 27.315
579364 , 27.403 , 0.048 , 27.451
579512 , 27.297 , 0.051 , 27.347
579660 , 27.298 , 0.047 , 27.345
579808 , 27.576 , 0.050 , 27.626
579956 , 27.266 , 0.046 , 27.312
580104 , 26.984 , 0.049 , 27.033
580252 , 27.272 , 0.050 , 27.322
580400 , 27.404 , 0.047 , 27.451
580548 , 27.379 , 0.048 , 27.428
580696 , 27.193 , 0.048 , 27.241
580844 , 27.376 , 0.048 , 27.424
580992 , 27.474 , 0.048 , 27.522
581140 , 27.208 , 0.046 , 27.254
581288 , 27.851 , 0.049 , 27.899
581436 , 27.579 , 0.050 , 27.629
581584 , 27.350 , 0.049 , 27.399
581732 , 27.179 , 0.048 , 27.226
581880 , 27.346 , 0.045 , 27.391
582028 , 27.586 , 0.050 , 27.636
582176 , 27.053 , 0.048 , 27.101
582324 , 27.393 , 0.050 , 27.442
582472 , 27.265 , 0.051 , 27.316
582620 , 27.442 , 0.047 , 27.489
582768 , 27.353 , 0.049 , 27.402
582916 , 27.491 , 0.047 , 27.538
583064 , 27.472 , 0.047 , 27.519
583212 , 27.185 , 0.050 , 27.235
583360 , 27.190 , 0.045 , 27.235
583508 , 27.557 , 0.050 , 27.606
583656 , 27.493 , 0.047 , 27.540
583804 , 27.887 , 0.047 , 27.934
583952 , 26.903 , 0.045 , 26.948
584100 , 27.123 , 0.049 , 27.173
584248 , 27.044 , 0.048 , 27.091
584396 , 27.093 , 0.047 , 27.140
584544 , 27.424 , 0.049 , 27.473
584692 , 27.191 , 0.047 , 27.238
584840 , 27.135 , 0.046 , 27.181
584988 , 27.341 , 0.047 , 27.388
585136 , 26.919 , 0.046 , 26.966
585284 , 27.287 , 0.047 , 27.334
585432 , 27.187 , 0.047 , 27.234
585580 , 27.315 , 0.047 , 27.363
585728 , 27.451 , 0.048 , 27.499
585876 , 27.661 , 0.049 , 27.711
586024 , 27.561 , 0.049 , 27.610
586172 , 27.614 , 0.048 , 27.662
586320 , 27.675 , 0.048 , 27.723
586468 , 27.049 , 0.043 , 27.092
586616 , 27.577 , 0.044 , 27.620
586764 , 27.121 , 0.046 , 27.166
586912 , 27.382 , 0.047 , 27.429
587060 , 26.797 , 0.048 , 26.845
587208 , 27.299 , 0.045 , 27.345
587356 , 27.373 , 0.051 , 27.424
587504 , 27.688 , 0.047 , 27.735
587652 , 27.153 , 0.046 , 27.199
587800 , 27.218 , 0.048 , 27.266
587948 , 27.493 , 0.050 , 27.543
588096 , 27.516 , 0.048 , 27.564
588244 , 27.603 , 0.046 , 27.649
588392 , 27.619 , 0.051 , 27.670
588540 , 27.727 , 0.048 , 27.776
588688 , 27.361 , 0.050 , 27.411
588836 , 27.591 , 0.045 , 27.637
588984 , 27.301 , 0.048 , 27.349
589132 , 27.549 , 0.046 , 27.595
589280 , 27.239 , 0.047 , 27.286
589428 , 27.791 , 0.049 , 27.840
589576 , 27.336 , 0.049 , 27.385
589724 , 27.094 , 0.049 , 27.143
589872 , 27.441 , 0.049 , 27.490
590020 , 27.374 , 0.045 , 27.419
590168 , 27.249 , 0.049 , 27.297
590316 , 27.317 , 0.048 , 27.365
590464 , 27.094 , 0.051 , 27.145
590612 , 27.504 , 0.050 , 27.554
590760 , 27.197 , 0.048 , 27.245
590908 , 27.454 , 0.047 , 27.500
591056 , 26.966 , 0.047 , 27.013
591204 , 27.303 , 0.048 , 27.351
591352 , 27.771 , 0.049 , 27.819
591500 , 27.552 , 0.047 , 27.599
591648 , 27.477 , 0.045 , 27.521
591796 , 26.912 , 0.047 , 26.959
591944 , 27.262 , 0.050 , 27.312
592092 , 26.962 , 0.049 , 27.011
592240 , 27.377 , 0.047 , 27.424
592388 , 27.085 , 0.049 , 27.134
592536 , 27.292 , 0.046 , 27.338
592684 , 27.177 , 0.048 , 27.225
592832 , 27.264 , 0.049 , 27.313
592980 , 27.314 , 0.046 , 27.360
593128 , 27.225 , 0.045 , 27.270
593276 , 27.454 , 0.045 , 27.499
593424 , 27.010 , 0.043 , 27.053
593572 , 27.338 , 0.050 , 27.388
593720 , 27.191 , 0.049 , 27.240
593868 , 27.486 , 0.045 , 27.531
594016 , 27.227 , 0.045 , 27.272
594164 , 27.288 , 0.047 , 27.335
594312 , 27.373 , 0.046 , 27.420
594460 , 27.047 , 0.048 , 27.095
594608 , 27.217 , 0.050 , 27.267
594756 , 27.291 , 0.049 , 27.340
594904 , 27.427 , 0.046 , 27.473
595052 , 27.501 , 0.052 , 27.553
595200 , 27.390 , 0.047 , 27.437
595348 , 27.383 , 0.048 , 27.431
595496 , 27.291 , 0.049 , 27.341
595644 , 27.160 , 0.049 , 27.209
595792 , 27.122 , 0.047 , 27.169
595940 , 27.187 , 0.048 , 27.235
596088 , 27.342 , 0.047 , 27.390
596236 , 27.200 , 0.049 , 27.249
596384 , 27.565 , 0.046 , 27.611
596532 , 27.435 , 0.048 , 27.484
596680 , 27.168 , 0.046 , 27.214
596828 , 27.193 , 0.048 , 27.241
596976 , 27.485 , 0.045 , 27.530
597124 , 27.209 , 0.046 , 27.255
597272 , 27.389 , 0.046 , 27.435
597420 , 27.301 , 0.048 , 27.350
597568 , 27.225 , 0.043 , 27.268
597716 , 27.239 , 0.049 , 27.288
597864 , 27.181 , 0.048 , 27.230
598012 , 27.092 , 0.048 , 27.140
598160 , 27.195 , 0.048 , 27.243
598308 , 27.320 , 0.048 , 27.368
598456 , 27.045 , 0.048 , 27.093
598604 , 27.284 , 0.047 , 27.331
598752 , 27.119 , 0.048 , 27.167
598900 , 27.506 , 0.046 , 27.552
599048 , 26.976 , 0.049 , 27.025
599196 , 27.004 , 0.047 , 27.051
599344 , 27.113 , 0.047 , 27.160
599492 , 27.458 , 0.050 , 27.509
599640 , 27.202 , 0.047 , 27.249
599788 , 27.179 , 0.048 , 27.227
599936 , 27.139 , 0.045 , 27.184
600084 , 27.073 , 0.049 , 27.123
600232 , 27.572 , 0.049 , 27.621
600380 , 27.301 , 0.047 , 27.349
600528 , 27.196 , 0.049 , 27.245
600676 , 27.099 , 0.048 , 27.147
600824 , 27.206 , 0.050 , 27.256
600972 , 27.253 , 0.048 , 27.302
601120 , 27.035 , 0.052 , 27.086
601268 , 27.559 , 0.050 , 27.609
601416 , 27.479 , 0.049 , 27.528
601564 , 27.159 , 0.044 , 27.203
601712 , 27.253 , 0.048 , 27.302
601860 , 27.237 , 0.050 , 27.288
602008 , 27.286 , 0.050 , 27.336
602156 , 27.237 , 0.048 , 27.286
602304 , 27.318 , 0.045 , 27.364
602452 , 27.508 , 0.048 , 27.556
602600 , 27.299 , 0.050 , 27.349
602748 , 27.259 , 0.049 , 27.309
602896 , 27.620 , 0.049 , 27.669
603044 , 27.262 , 0.047 , 27.309
603192 , 27.397 , 0.046 , 27.442
603340 , 27.351 , 0.048 , 27.400
603488 , 27.443 , 0.049 , 27.492
603636 , 27.107 , 0.045 , 27.152
603784 , 27.342 , 0.047 , 27.389
603932 , 27.271 , 0.048 , 27.318
604080 , 27.067 , 0.050 , 27.117
604228 , 27.337 , 0.046 , 27.383
604376 , 27.325 , 0.052 , 27.377
604524 , 27.302 , 0.046 , 27.348
604672 , 27.337 , 0.048 , 27.386
604820 , 27.325 , 0.043 , 27.368
604968 , 27.173 , 0.044 , 27.218
605116 , 27.018 , 0.046 , 27.064
605264 , 27.196 , 0.044 , 27.240
605412 , 27.097 , 0.047 , 27.143
605560 , 27.129 , 0.046 , 27.174
605708 , 27.187 , 0.048 , 27.236
605856 , 27.153 , 0.050 , 27.203
606004 , 26.809 , 0.049 , 26.858
606152 , 27.267 , 0.048 , 27.315
606300 , 27.089 , 0.045 , 27.133
606448 , 27.569 , 0.049 , 27.619
606596 , 27.333 , 0.047 , 27.380
606744 , 27.363 , 0.046 , 27.409
606892 , 27.463 , 0.049 , 27.512
607040 , 27.007 , 0.043 , 27.050
607188 , 27.600 , 0.051 , 27.651
607336 , 27.137 , 0.046 , 27.183
607484 , 26.973 , 0.049 , 27.022
607632 , 27.131 , 0.048 , 27.179
607780 , 27.208 , 0.047 , 27.255
607928 , 27.392 , 0.049 , 27.441
608076 , 27.341 , 0.050 , 27.390
608224 , 27.421 , 0.047 , 27.469
608372 , 27.202 , 0.049 , 27.251
608520 , 27.430 , 0.048 , 27.478
608668 , 26.946 , 0.047 , 26.993
608816 , 27.086 , 0.046 , 27.131
608964 , 27.029 , 0.048 , 27.077
609112 , 27.313 , 0.043 , 27.357
609260 , 27.193 , 0.049 , 27.242
609408 , 27.775 , 0.048 , 27.822
609556 , 27.195 , 0.051 , 27.246
609704 , 27.275 , 0.048 , 27.323
609852 , 27.388 , 0.049 , 27.437
610000 , 27.288 , 0.047 , 27.335
610148 , 27.353 , 0.044 , 27.396
610296 , 27.303 , 0.047 , 27.351
610444 , 26.982 , 0.048 , 27.031
610592 , 27.275 , 0.045 , 27.320
610740 , 27.234 , 0.048 , 27.282
610888 , 27.143 , 0.048 , 27.191
611036 , 27.325 , 0.047 , 27.373
611184 , 27.175 , 0.050 , 27.225
611332 , 27.509 , 0.045 , 27.554
611480 , 27.186 , 0.045 , 27.231
611628 , 27.393 , 0.047 , 27.440
611776 , 27.441 , 0.048 , 27.490
611924 , 27.016 , 0.047 , 27.063
612072 , 27.455 , 0.047 , 27.502
612220 , 27.491 , 0.047 , 27.538
612368 , 27.487 , 0.048 , 27.535
612516 , 27.263 , 0.048 , 27.311
612664 , 27.177 , 0.046 , 27.223
612812 , 27.221 , 0.047 , 27.267
612960 , 27.340 , 0.047 , 27.387
613108 , 27.187 , 0.047 , 27.234
613256 , 27.749 , 0.047 , 27.797
613404 , 27.222 , 0.044 , 27.266
613552 , 27.166 , 0.046 , 27.212
613700 , 27.401 , 0.047 , 27.448
613848 , 27.141 , 0.045 , 27.186
613996 , 27.121 , 0.043 , 27.164
614144 , 26.873 , 0.048 , 26.922
614292 , 27.405 , 0.049 , 27.454
614440 , 27.293 , 0.047 , 27.340
614588 , 27.544 , 0.046 , 27.590
614736 , 27.495 , 0.051 , 27.547
614884 , 27.096 , 0.044 , 27.140
615032 , 27.726 , 0.049 , 27.775
615180 , 27.051 , 0.047 , 27.099
615328 , 27.401 , 0.047 , 27.448
615476 , 27.266 , 0.046 , 27.312
615624 , 27.691 , 0.048 , 27.739
615772 , 27.473 , 0.046 , 27.519
615920 , 27.331 , 0.050 , 27.381
616068 , 27.421 , 0.048 , 27.469
616216 , 27.219 , 0.049 , 27.267
616364 , 27.011 , 0.043 , 27.054
616512 , 27.375 , 0.049 , 27.425
616660 , 27.076 , 0.048 , 27.124
616808 , 27.016 , 0.049 , 27.065
616956 , 29.421 , 0.048 , 29.469
617104 , 30.089 , 0.049 , 30.138
617252 , 31.198 , 0.049 , 31.247
617400 , 32.709 , 0.048 , 32.756
617548 , 33.440 , 0.043 , 33.483
617696 , 35.071 , 0.046 , 35.117
617844 , 35.412 , 0.045 , 35.457
617992 , 37.054 , 0.034 , 37.088
618140 , 39.949 , 0.044 , 39.992
618288 , 41.691 , 0.046 , 41.737
618436 , 43.772 , 0.044 , 43.816
618584 , 44.325 , 0.045 , 44.370
618732 , 45.207 , 0.044 , 45.250
618880 , 44.462 , 0.044 , 44.506
619028 , 44.779 , 0.043 , 44.823
619176 , 44.732 , 0.043 , 44.775
619324 , 44.775 , 0.047 , 44.822
619472 , 44.855 , 0.042 , 44.897
619620 , 45.061 , 0.042 , 45.103
619768 , 44.997 , 0.046 , 45.042
619916 , 44.624 , 0.042 , 44.666
620064 , 44.793 , 0.045 , 44.838
620212 , 45.320 , 0.047 , 45.367
620360 , 45.347 , 0.044 , 45.391
620508 , 44.797 , 0.044 , 44.840
620656 , 45.207 , 0.042 , 45.249
620804 , 44.967 , 0.044 , 45.012
620952 , 44.491 , 0.043 , 44.534
621100 , 44.805 , 0.043 , 44.849
621248 , 45.379 , 0.045 , 45.424
621396 , 44.915 , 0.044 , 44.958
621544 , 44.801 , 0.045 , 44.845
621692 , 45.207 , 0.042 , 45.248
621840 , 44.956 , 0.042 , 44.998
621988 , 45.096 , 0.041 , 45.137
622136 , 44.865 , 0.045 , 44.910
622284 , 44.715 , 0.041 , 44.756
622432 , 45.025 , 0.040 , 45.065
622580 , 45.201 , 0.042 , 45.243
622728 , 44.695 , 0.044 , 44.740
622876 , 44.974 , 0.045 , 45.019
623024 , 45.184 , 0.045 , 45.229
623172 , 45.153 , 0.045 , 45.198
623320 , 45.057 , 0.043 , 45.100
623468 , 44.581 , 0.042 , 44.624
623616 , 44.247 , 0.043 , 44.290
623764 , 44.680 , 0.045 , 44.725
623912 , 44.739 , 0.041 , 44.780
624060 , 44.981 , 0.046 , 45.027
624208 , 45.043 , 0.047 , 45.089
624356 , 44.920 , 0.044 , 44.964
624504 , 44.881 , 0.042 , 44.923
624652 , 45.269 , 0.045 , 45.314
624800 , 44.994 , 0.045 , 45.039
624948 , 44.955 , 0.044 , 45.000
625096 , 44.768 , 0.043 , 44.811
625244 , 44.747 , 0.044 , 44.791
625392 , 44.507 , 0.043 , 44.549
625540 , 45.132 , 0.043 , 45.175
625688 , 45.395 , 0.042 , 45.437
625836 , 44.463 , 0.047 , 44.510
625984 , 44.942 , 0.044 , 44.986
626132 , 45.364 , 0.040 , 45.404
626280 , 45.383 , 0.044 , 45.427
626428 , 45.093 , 0.042 , 45.135
626576 , 44.990 , 0.044 , 45.034
626724 , 45.617 , 0.041 , 45.658
626872 , 45.416 , 0.045 , 45.461
627020 , 44.891 , 0.042 , 44.933
627168 , 44.792 , 0.044 , 44.836
627316 , 45.235 , 0.045 , 45.279
627464 , 44.910 , 0.044 , 44.954
627612 , 45.412 , 0.043 , 45.455
627760 , 45.533 , 0.039 , 45.573
627908 , 44.643 , 0.045 , 44.688
628056 , 44.989 , 0.044 , 45.033
628204 , 44.998 , 0.045 , 45.043
628352 , 45.336 , 0.044 , 45.380
628500 , 44.796 , 0.046 , 44.842
628648 , 44.914 , 0.045 , 44.959
628796 , 44.880 , 0.041 , 44.921
628944 , 44.535 , 0.044 , 44.579
629092 , 44.960 , 0.046 , 45.006
629240 , 45.305 , 0.044 , 45.348
629388 , 44.711 , 0.045 , 44.756
629536 , 45.272 , 0.044 , 45.316
629684 , 45.043 , 0.043 , 45.086
629832 , 44.983 , 0.043 , 45.026
629980 , 44.972 , 0.047 , 45.019
630128 , 44.973 , 0.043 , 45.016
630276 , 45.469 , 0.043 , 45.512
630424 , 44.666 , 0.041 , 44.707
630572 , 45.221 , 0.043 , 45.263
630720 , 44.799 , 0.046 , 44.845
630868 , 44.887 , 0.045 , 44.933
631016 , 44.988 , 0.044 , 45.032
631164 , 45.061 , 0.046 , 45.106
631312 , 45.111 , 0.046 , 45.157
631460 , 45.155 , 0.044 , 45.199
631608 , 44.819 , 0.040 , 44.860
631756 , 45.291 , 0.045 , 45.336
631904 , 45.014 , 0.044 , 45.059
632052 , 45.401 , 0.044 , 45.446
632200 , 45.133 , 0.042 , 45.175
632348 , 44.929 , 0.045 , 44.973
632496 , 44.808 , 0.041 , 44.849
632644 , 45.060 , 0.041 , 45.101
632792 , 45.242 , 0.044 , 45.286
632940 , 44.909 , 0.042 , 44.951
633088 , 45.117 , 0.045 , 45.161
633236 , 45.214 , 0.047 , 45.261
633384 , 45.018 , 0.043 , 45.061
633532 , 45.023 , 0.043 , 45.065
633680 , 44.653 , 0.045 , 44.698
633828 , 44.825 , 0.045 , 44.870
633976 , 44.985 , 0.047 , 45.032
634124 , 45.179 , 0.044 , 45.223
634272 , 45.106 , 0.044 , 45.150
634420 , 45.127 , 0.047 , 45.174
634568 , 44.897 , 0.041 , 44.937
634716 , 44.902 , 0.046 , 44.948
634864 , 44.807 , 0.043 , 44.850
635012 , 45.172 , 0.046 , 45.217
635160 , 45.102 , 0.046 , 45.148
635308 , 45.190 , 0.045 , 45.235
635456 , 44.767 , 0.045 , 44.811
635604 , 44.935 , 0.046 , 44.981
635752 , 45.165 , 0.042 , 45.206
635900 , 44.898 , 0.044 , 44.942
636048 , 45.115 , 0.047 , 45.162
636196 , 44.812 , 0.045 , 44.857
636344 , 44.645 , 0.044 , 44.688
636492 , 44.896 , 0.046 , 44.942
636640 , 44.853 , 0.045 , 44.898
636788 , 45.524 , 0.041 , 45.565
636936 , 45.191 , 0.042 , 45.233
637084 , 44.771 , 0.043 , 44.814
637232 , 45.531 , 0.044 , 45.574
637380 , 45.009 , 0.045 , 45.054
637528 , 44.968 , 0.043 , 45.011
637676 , 44.772 , 0.045 , 44.817
637824 , 45.261 , 0.043 , 45.304
637972 , 45.387 , 0.045 , 45.432
638120 , 44.832 , 0.045 , 44.877
638268 , 44.985 , 0.042 , 45.026
638416 , 45.334 , 0.046 , 45.380
638564 , 45.317 , 0.046 , 45.362
638712 , 45.145 , 0.044 , 45.189
638860 , 44.969 , 0.046 , 45.014
639008 , 45.299 , 0.043 , 45.342
639156 , 44.812 , 0.040 , 44.852
639304 , 44.664 , 0.043 , 44.707
639452 , 44.701 , 0.044 , 44.745
639600 , 45.158 , 0.046 , 45.204
639748 , 45.163 , 0.044 , 45.207
639896 , 44.648 , 0.045 , 44.693
640044 , 44.852 , 0.045 , 44.897
640192 , 44.911 , 0.044 , 44.956
640340 , 44.863 , 0.044 , 44.906
640488 , 44.821 , 0.046 , 44.867
640636 , 45.015 , 0.043 , 45.058
640784 , 45.207 , 0.044 , 45.251
640932 , 45.189 , 0.044 , 45.234
641080 , 44.555 , 0.045 , 44.599
641228 , 44.745 , 0.047 , 44.792
641376 , 44.467 , 0.043 , 44.510
641524 , 45.357 , 0.046 , 45.403
641672 , 44.863 , 0.044 , 44.907
641820 , 45.007 , 0.048 , 45.055
641968 , 44.779 , 0.042 , 44.821
642116 , 44.849 , 0.045 , 44.894
642264 , 44.423 , 0.042 , 44.465
642412 , 45.208 , 0.045 , 45.253
642560 , 47.424 , 0.050 , 47.474
642708 , 47.680 , 0.048 , 47.728
642856 , 47.392 , 0.054 , 47.446
643004 , 50.475 , 0.059 , 50.535
643152 , 50.827 , 0.058 , 50.885
643300 , 51.177 , 0.061 , 51.238
643448 , 53.204 , 0.064 , 53.268
643596 , 53.181 , 0.058 , 53.239
643744 , 55.102 , 0.070 , 55.172
643892 , 56.970 , 0.077 , 57.047
644040 , 57.536 , 0.067 , 57.603
644188 , 60.467 , 0.083 , 60.550
644336 , 61.794 , 0.080 , 61.874
644484 , 62.282 , 0.083 , 62.365
644632 , 65.710 , 0.090 , 65.800
644780 , 66.363 , 0.090 , 66.454
644928 , 66.663 , 0.090 , 66.752
645076 , 69.583 , 0.095 , 69.678
645224 , 68.926 , 0.099 , 69.025
645372 , 70.006 , 0.102 , 70.108
645520 , 74.388 , 0.110 , 74.498
645668 , 74.051 , 0.102 , 74.153
645816 , 73.150 , 0.103 , 73.253
645964 , 74.447 , 0.103 , 74.549
646112 , 76.514 , 0.109 , 76.623
646260 , 76.870 , 0.104 , 76.974
646408 , 77.937 , 0.115 , 78.052
646556 , 81.862 , 0.130 , 81.992
646704 , 81.363 , 0.122 , 81.486
646852 , 81.699 , 0.113 , 81.813
647000 , 81.748 , 0.105 , 81.853
647148 , 81.777 , 0.116 , 81.892
647296 , 82.047 , 0.117 , 82.164
647444 , 81.812 , 0.107 , 81.919
647592 , 80.993 , 0.115 , 81.108
647740 , 83.149 , 0.119 , 83.267
647888 , 81.184 , 0.112 , 81.296
648036 , 80.639 , 0.117 , 80.756
648184 , 81.485 , 0.108 , 81.593
648332 , 81.464 , 0.119 , 81.583
648480 , 81.695 , 0.110 , 81.806
648628 , 79.872 , 0.117 , 79.988
648776 , 81.896 , 0.127 , 82.023
648924 , 82.311 , 0.116 , 82.428
649072 , 83.511 , 0.115 , 83.625
649220 , 83.013 , 0.128 , 83.140
649368 , 82.888 , 0.126 , 83.015
649516 , 83.107 , 0.131 , 83.237
649664 , 83.093 , 0.128 , 83.221
649812 , 83.151 , 0.124 , 83.275
649960 , 84.879 , 0.119 , 84.998
650108 , 83.843 , 0.128 , 83.971
650256 , 84.596 , 0.128 , 84.724
650404 , 84.218 , 0.119 , 84.337
650552 , 84.773 , 0.124 , 84.897
650700 , 85.321 , 0.127 , 85.448
650848 , 84.085 , 0.115 , 84.200
650996 , 85.107 , 0.130 , 85.237
651144 , 85.245 , 0.121 , 85.367
651292 , 86.229 , 0.130 , 86.358
651440 , 85.904 , 0.129 , 86.033
651588 , 85.696 , 0.126 , 85.822
651736 , 85.897 , 0.134 , 86.031
651884 , 85.527 , 0.130 , 85.656
652032 , 85.728 , 0.126 , 85.854
652180 , 85.663 , 0.127 , 85.789
652328 , 85.881 , 0.138 , 86.018
652476 , 86.462 , 0.129 , 86.591
652624 , 86.193 , 0.136 , 86.329
652772 , 85.394 , 0.123 , 85.517
652920 , 86.851 , 0.133 , 86.984
653068 , 86.627 , 0.129 , 86.755
653216 , 87.286 , 0.138 , 87.424
653364 , 85.829 , 0.122 , 85.951
653512 , 86.839 , 0.125 , 86.965
653660 , 85.932 , 0.120 , 86.052
653808 , 86.811 , 0.137 , 86.949
653956 , 85.905 , 0.133 , 86.037
654104 , 85.137 , 0.133 , 85.270
654252 , 86.447 , 0.130 , 86.578
654400 , 85.345 , 0.133 , 85.478
654548 , 86.023 , 0.127 , 86.150
654696 , 85.992 , 0.115 , 86.107
654844 , 87.477 , 0.123 , 87.600
654992 , 85.641 , 0.130 , 85.772
655140 , 85.826 , 0.125 , 85.951
655288 , 85.552 , 0.137 , 85.690
655436 , 86.423 , 0.133 , 86.557
655584 , 85.569 , 0.127 , 85.695
655732 , 84.981 , 0.134 , 85.115
655880 , 86.635 , 0.133 , 86.768
656028 , 86.374 , 0.133 , 86.507
656176 , 85.759 , 0.134 , 85.893
656324 , 86.464 , 0.126 , 86.590
656472 , 89.843 , 0.139 , 89.982
656620 , 89.886 , 0.137 , 90.023
656768 , 90.638 , 0.142 , 90.780
656916 , 92.905 , 0.149 , 93.054
657064 , 93.259 , 0.147 , 93.406
657212 , 93.025 , 0.156 , 93.182
657360 , 92.407 , 0.143 , 92.550
657508 , 91.566 , 0.145 , 91.711
657656 , 92.899 , 0.146 , 93.044
657804 , 92.101 , 0.143 , 92.244
657952 , 92.243 , 0.139 , 92.381
658100 , 91.684 , 0.137 , 91.821
658248 , 91.741 , 0.149 , 91.890
658396 , 91.508 , 0.149 , 91.656
658544 , 91.895 , 0.139 , 92.033
658692 , 92.070 , 0.129 , 92.199
658840 , 92.735 , 0.147 , 92.883
658988 , 92.550 , 0.139 , 92.688
659136 , 92.675 , 0.151 , 92.826
659284 , 93.362 , 0.150 , 93.512
659432 , 91.938 , 0.142 , 92.080
659580 , 93.173 , 0.149 , 93.322
659728 , 91.601 , 0.136 , 91.736
659876 , 92.435 , 0.142 , 92.576
660024 , 92.049 , 0.145 , 92.194
660172 , 92.383 , 0.144 , 92.527
660320 , 91.851 , 0.148 , 92.000
660468 , 93.957 , 0.136 , 94.094
660616 , 91.920 , 0.151 , 92.071
660764 , 91.465 , 0.144 , 91.608
660912 , 92.797 , 0.149 , 92.946
661060 , 91.843 , 0.142 , 91.985
661208 , 92.324 , 0.148 , 92.472
661356 , 91.653 , 0.148 , 91.801
661504 , 92.885 , 0.145 , 93.030
661652 , 92.305 , 0.151 , 92.456
661800 , 93.371 , 0.150 , 93.521
661948 , 92.671 , 0.145 , 92.815
662096 , 92.928 , 0.140 , 93.068
662244 , 92.027 , 0.147 , 92.174
662392 , 93.318 , 0.152 , 93.470
662540 , 92.922 , 0.142 , 93.064
662688 , 92.888 , 0.150 , 93.038
662836 , 91.687 , 0.143 , 91.830
662984 , 91.957 , 0.143 , 92.100
663132 , 93.556 , 0.142 , 93.698
663280 , 91.855 , 0.151 , 92.005
663428 , 93.026 , 0.147 , 93.173
663576 , 92.389 , 0.151 , 92.539
663724 , 91.923 , 0.150 , 92.073
663872 , 92.653 , 0.144 , 92.796
664020 , 91.395 , 0.149 , 91.544
664168 , 92.636 , 0.156 , 92.792
664316 , 92.208 , 0.144 , 92.352
664464 , 92.058 , 0.148 , 92.206
664612 , 91.383 , 0.131 , 91.514
664760 , 91.619 , 0.142 , 91.761
664908 , 90.747 , 0.132 , 90.879
665056 , 90.301 , 0.147 , 90.449
665204 , 91.007 , 0.134 , 91.142
665352 , 90.725 , 0.141 , 90.866
665500 , 88.836 , 0.150 , 88.986
665648 , 88.865 , 0.145 , 89.010
665796 , 86.530 , 0.134 , 86.664
665944 , 84.212 , 0.143 , 84.355
666092 , 80.781 , 0.158 , 80.939
666240 , 78.430 , 0.157 , 78.587
666388 , 74.502 , 0.140 , 74.642
666536 , 74.800 , 0.143 , 74.943
666684 , 74.764 , 0.153 , 74.917
666832 , 71.487 , 0.146 , 71.633
666980 , 68.691 , 0.161 , 68.853
667128 , 66.269 , 0.170 , 66.438
667276 , 65.397 , 0.169 , 65.566
667424 , 64.910 , 0.175 , 65.085
667572 , 62.424 , 0.175 , 62.599
667720 , 60.415 , 0.174 , 60.589
667868 , 60.826 , 0.166 , 60.992
668016 , 59.828 , 0.176 , 60.004
668164 , 60.618 , 0.173 , 60.791
668312 , 60.583 , 0.170 , 60.753
668460 , 60.748 , 0.172 , 60.920
668608 , 60.679 , 0.174 , 60.854
668756 , 60.368 , 0.174 , 60.542
668904 , 60.747 , 0.171 , 60.918
669052 , 60.415 , 0.168 , 60.583
669200 , 61.333 , 0.175 , 61.507
669348 , 60.337 , 0.177 , 60.514
669496 , 61.715 , 0.169 , 61.884
669644 , 60.201 , 0.170 , 60.371
669792 , 61.065 , 0.172 , 61.237
669940 , 60.876 , 0.180 , 61.056
670088 , 60.893 , 0.171 , 61.064
670236 , 60.273 , 0.173 , 60.446
670384 , 59.983 , 0.175 , 60.158
670532 , 61.591 , 0.174 , 61.765
670680 , 60.571 , 0.176 , 60.747
670828 , 60.383 , 0.180 , 60.564
670976 , 61.349 , 0.169 , 61.518
671124 , 60.141 , 0.167 , 60.307
671272 , 60.833 , 0.175 , 61.008
671420 , 61.165 , 0.180 , 61.344
671568 , 61.534 , 0.178 , 61.712
671716 , 61.160 , 0.174 , 61.334
671864 , 62.642 , 0.171 , 62.813
672012 , 66.538 , 0.157 , 66.695
672160 , 71.499 , 0.143 , 71.642
672308 , 75.713 , 0.149 , 75.862
672456 , 77.028 , 0.164 , 77.191
672604 , 79.697 , 0.141 , 79.837
672752 , 83.053 , 0.123 , 83.176
672900 , 91.655 , 0.146 , 91.801
673048 , 94.055 , 0.149 , 94.204
673196 , 96.569 , 0.138 , 96.706
673344 , 98.046 , 0.134 , 98.180
673492 , 98.428 , 0.147 , 98.575
673640 , 97.545 , 0.145 , 97.691
673788 , 95.897 , 0.136 , 96.033
673936 , 97.579 , 0.142 , 97.721
674084 , 98.116 , 0.130 , 98.246
674232 , 97.967 , 0.137 , 98.103
674380 , 98.343 , 0.140 , 98.484
674528 , 98.264 , 0.126 , 98.390
674676 , 97.824 , 0.133 , 97.957
674824 , 99.779 , 0.132 , 99.911
674972 , 98.889 , 0.134 , 99.023
675120 , 98.352 , 0.140 , 98.491
675268 , 97.736 , 0.131 , 97.867
675416 , 98.268 , 0.139 , 98.407
675564 , 97.911 , 0.140 , 98.051
675712 , 98.123 , 0.136 , 98.259
675860 , 98.091 , 0.143 , 98.234
676008 , 97.487 , 0.133 , 97.620
676156 , 98.616 , 0.137 , 98.753
676304 , 99.305 , 0.138 , 99.444
676452 , 97.278 , 0.136 , 97.414
676600 , 98.854 , 0.134 , 98.988
676748 , 98.911 , 0.133 , 99.044
676896 , 98.498 , 0.125 , 98.623
677044 , 97.175 , 0.140 , 97.314
677192 , 98.271 , 0.155 , 98.426
677340 , 99.010 , 0.129 , 99.139
677488 , 98.725 , 0.143 , 98.868
677636 , 97.853 , 0.128 , 97.982
677784 , 97.325 , 0.136 , 97.461
677932 , 98.918 , 0.133 , 99.051
678080 , 98.388 , 0.134 , 98.522
678228 , 98.090 , 0.143 , 98.233
678376 , 98.268 , 0.152 , 98.420
678524 , 99.083 , 0.145 , 99.228
678672 , 99.608 , 0.150 , 99.758
678820 , 98.990 , 0.137 , 99.127
678968 , 98.017 , 0.129 , 98.146
679116 , 98.619 , 0.122 , 98.741
679264 , 98.017 , 0.140 , 98.156
679412 , 97.789 , 0.139 , 97.928
679560 , 98.801 , 0.138 , 98.939
679708 , 97.779 , 0.137 , 97.916
679856 , 96.963 , 0.147 , 97.111
680004 , 98.094 , 0.132 , 98.227
680152 , 98.573 , 0.150 , 98.723
680300 , 98.973 , 0.134 , 99.108
680448 , 98.213 , 0.136 , 98.349
680596 , 99.248 , 0.144 , 99.392
680744 , 98.541 , 0.140 , 98.682
680892 , 97.554 , 0.133 , 97.687
681040 , 98.619 , 0.128 , 98.747
681188 , 98.283 , 0.126 , 98.409
681336 , 98.976 , 0.138 , 99.114
681484 , 98.673 , 0.141 , 98.814
681632 , 98.675 , 0.132 , 98.807
681780 , 98.315 , 0.142 , 98.457
681928 , 98.775 , 0.136 , 98.911
682076 , 100.394 , 0.142 , 100.536
682224 , 96.915 , 0.112 , 97.026
682372 , 98.193 , 0.092 , 98.284
682520 , 99.393 , 0.085 , 99.478
682668 , 97.651 , 0.077 , 97.729
682816 , 98.885 , 0.055 , 98.941
682964 , 99.225 , 0.027 , 99.252
683112 , 99.306 , 0.031 , 99.337
683260 , 97.984 , 0.026 , 98.010
683408 , 99.517 , -0.001 , 99.516
683556 , 98.085 , 0.014 , 98.098
683704 , 98.936 , 0.001 , 98.937
683852 , 99.620 , -0.001 , 99.619
684000 , 98.353 , 0.006 , 98.360
684148 , 98.583 , 0.003 , 98.587
684296 , 98.427 , 0.009 , 98.435
684444 , 99.067 , -0.005 , 99.062
684592 , 98.161 , 0.003 , 98.164
684740 , 97.071 , 0.009 , 97.081
684888 , 98.420 , 0.003 , 98.423
685036 , 97.291 , -0.004 , 97.286
685184 , 99.092 , 0.002 , 99.094
685332 , 98.263 , 0.001 , 98.263
685480 , 98.431 , 0.001 , 98.431
685628 , 97.631 , -0.006 , 97.626
685776 , 98.388 , -0.003 , 98.385
685924 , 98.929 , 0.001 , 98.930
686072 , 98.077 , 0.009 , 98.086
686220 , 99.770 , -0.004 , 99.766
686368 , 98.017 , -0.004 , 98.012
686516 , 98.091 , 0.009 , 98.100
686664 , 98.637 , 0.005 , 98.642
686812 , 98.114 , 0.008 , 98.122
686960 , 98.167 , -0.002 , 98.165
687108 , 96.873 , 0.011 , 96.884
687256 , 97.985 , -0.003 , 97.982
687404 , 98.547 , 0.001 , 98.548
687552 , 98.185 , 0.007 , 98.192
687700 , 97.875 , 0.008 , 97.883
687848 , 98.897 , 0.010 , 98.907
687996 , 97.593 , 0.004 , 97.597
688144 , 98.538 , -0.001 , 98.538
688292 , 98.471 , -0.003 , 98.467
688440 , 96.841 , -0.006 , 96.836
688588 , 99.365 , -0.001 , 99.364
688736 , 97.885 , -0.004 , 97.881
688884 , 98.137 , 0.000 , 98.138
689032 , 99.197 , 0.006 , 99.202
689180 , 97.971 , 0.001 , 97.972
689328 , 98.193 , 0.000 , 98.193
689476 , 97.729 , -0.006 , 97.724
689624 , 97.879 , 0.003 , 97.882
689772 , 97.162 , -0.012 , 97.150
689920 , 98.455 , 0.004 , 98.459
690068 , 98.089 , 0.003 , 98.092
690216 , 98.667 , 0.007 , 98.674
690364 , 98.583 , 0.007 , 98.589
690512 , 97.869 , 0.007 , 97.876
690660 , 98.181 , 0.008 , 98.189
690808 , 97.618 , -0.009 , 97.609
690956 , 96.643 , -0.011 , 96.633
691104 , 97.455 , 0.006 , 97.461
691252 , 98.297 , -0.006 , 98.290
691400 , 98.077 , 0.001 , 98.078
691548 , 98.831 , -0.006 , 98.825
691696 , 98.231 , 0.003 , 98.234
691844 , 99.215 , 0.001 , 99.216
691992 , 98.119 , 0.011 , 98.130
692140 , 98.191 , -0.010 , 98.182
692288 , 98.127 , 0.005 , 98.133
692436 , 98.607 , -0.008 , 98.599
692584 , 97.047 , 0.003 , 97.051
692732 , 98.181 , 0.004 , 98.186
692880 , 99.741 , 0.006 , 99.748
693028 , 98.378 , -0.000 , 98.378
693176 , 99.112 , 0.001 , 99.113
693324 , 98.241 , -0.004 , 98.238
693472 , 99.193 , -0.002 , 99.192
693620 , 97.857 , -0.000 , 97.857
693768 , 98.439 , -0.002 , 98.437
693916 , 97.825 , -0.005 , 97.820
694064 , 98.338 , 0.008 , 98.346
694212 , 99.063 , 0.006 , 99.069
694360 , 98.135 , -0.001 , 98.133
694508 , 99.070 , 0.003 , 99.073
694656 , 98.576 , 0.003 , 98.580
694804 , 98.633 , -0.004 , 98.629
694952 , 98.013 , -0.001 , 98.012
695100 , 98.017 , -0.004 , 98.012
695248 , 98.792 , -0.001 , 98.792
695396 , 97.267 , 0.001 , 97.268
695544 , 97.486 , -0.005 , 97.481
695692 , 98.782 , 0.001 , 98.783
695840 , 98.679 , 0.004 , 98.683
695988 , 98.751 , -0.004 , 98.747
696136 , 98.759 , -0.008 , 98.751
696284 , 98.559 , -0.004 , 98.555
696432 , 98.545 , -0.004 , 98.541
696580 , 99.408 , 0.000 , 99.408
696728 , 98.092 , -0.001 , 98.091
696876 , 98.053 , -0.000 , 98.053
697024 , 97.961 , 0.005 , 97.967
697172 , 98.959 , 0.008 , 98.966
697320 , 98.777 , 0.001 , 98.777
697468 , 99.247 , 0.008 , 99.255
697616 , 97.688 , 0.003 , 97.691
697764 , 97.733 , 0.002 , 97.735
697912 , 98.737 , 0.005 , 98.742
698060 , 97.657 , -0.006 , 97.652
698208 , 98.771 , -0.002 , 98.769
698356 , 98.769 , -0.009 , 98.760
698504 , 98.197 , -0.004 , 98.192
698652 , 98.813 , -0.007 , 98.807
698800 , 98.813 , 0.002 , 98.815
698948 , 98.687 , 0.005 , 98.691
699096 , 99.023 , 0.001 , 99.025
699244 , 98.985 , -0.005 , 98.980
699392 , 98.216 , 0.001 , 98.217
699540 , 98.259 , 0.004 , 98.264
699688 , 98.446 , -0.007 , 98.439
699836 , 98.474 , 0.004 , 98.478
699984 , 98.351 , -0.003 , 98.348
700132 , 98.180 , -0.000 , 98.180
700280 , 99.367 , 0.003 , 99.370
700428 , 98.021 , 0.002 , 98.023
700576 , 98.741 , 0.005 , 98.747
700724 , 97.917 , -0.005 , 97.911
700872 , 97.725 , 0.002 , 97.727
701020 , 99.571 , 0.000 , 99.571
701168 , 99.683 , 0.001 , 99.683
701316 , 97.495 , -0.007 , 97.489
701464 , 98.565 , 0.003 , 98.568
701612 , 98.801 , 0.000 , 98.802
701760 , 98.065 , -0.001 , 98.064
701908 , 98.701 , 0.003 , 98.704
702056 , 98.387 , -0.002 , 98.385
702204 , 98.339 , -0.002 , 98.337
702352 , 98.076 , 0.003 , 98.079
702500 , 98.747 , 0.000 , 98.748
702648 , 98.139 , 0.003 , 98.142
702796 , 97.141 , 0.004 , 97.146
702944 , 99.157 , 0.002 , 99.159
703092 , 98.697 , -0.006 , 98.692
703240 , 98.461 , 0.001 , 98.462
703388 , 99.851 , -0.004 , 99.848
703536 , 99.165 , 0.003 , 99.168
703684 , 97.939 , -0.001 , 97.938
703832 , 97.945 , 0.005 , 97.950
703980 , 98.879 , 0.003 , 98.882
704128 , 97.688 , -0.000 , 97.688
704276 , 97.657 , 0.005 , 97.663
704424 , 98.069 , 0.007 , 98.075
704572 , 99.062 , -0.004 , 99.058
704720 , 100.384 , 0.000 , 100.384
704868 , 99.199 , -0.012 , 99.188
705016 , 99.322 , -0.002 , 99.320
705164 , 98.313 , -0.000 , 98.313
705312 , 99.263 , -0.001 , 99.263
705460 , 98.449 , 0.002 , 98.451
705608 , 97.861 , 0.010 , 97.871
705756 , 99.611 , 0.004 , 99.614
705904 , 99.393 , 0.002 , 99.395
706052 , 98.694 , 0.000 , 98.694
706200 , 98.386 , -0.007 , 98.379
706348 , 99.137 , 0.004 , 99.141
706496 , 98.394 , 0.003 , 98.397
706644 , 98.086 , -0.001 , 98.085
706792 , 98.881 , -0.000 , 98.880
706940 , 97.975 , -0.007 , 97.968
707088 , 97.536 , -0.011 , 97.525
707236 , 98.440 , -0.002 , 98.438
707384 , 98.501 , 0.002 , 98.504
707532 , 99.377 , 0.005 , 99.381
707680 , 99.313 , 0.005 , 99.319
707828 , 98.974 , -0.005 , 98.969
707976 , 98.907 , 0.000 , 98.907
708124 , 98.715 , 0.001 , 98.716
708272 , 98.219 , 0.000 , 98.219
708420 , 98.683 , 0.007 , 98.689
708568 , 98.291 , -0.001 , 98.291
708716 , 98.676 , 0.003 , 98.679
708864 , 99.134 , 0.002 , 99.135
709012 , 99.003 , 0.000 , 99.003
709160 , 97.773 , 0.002 , 97.775
709308 , 98.064 , -0.006 , 98.058
709456 , 98.777 , 0.004 , 98.781
709604 , 97.431 , -0.005 , 97.427
709752 , 98.401 , -0.002 , 98.399
709900 , 97.419 , -0.001 , 97.418
710048 , 98.167 , 0.003 , 98.170
710196 , 98.215 , -0.002 , 98.214
710344 , 98.163 , 0.002 , 98.166
710492 , 98.241 , -0.005 , 98.236
710640 , 98.223 , -0.003 , 98.220
710788 , 99.219 , -0.002 , 99.217
710936 , 99.347 , -0.003 , 99.344
711084 , 98.652 , 0.002 , 98.654
711232 , 98.493 , -0.011 , 98.482
711380 , 99.116 , 0.000 , 99.116
711528 , 98.675 , 0.006 , 98.680
711676 , 98.377 , -0.007 , 98.371
711824 , 98.989 , 0.007 , 98.997
711972 , 98.165 , -0.006 , 98.159
712120 , 97.983 , 0.006 , 97.989
712268 , 99.192 , 0.004 , 99.196
712416 , 99.713 , -0.001 , 99.712
712564 , 99.247 , -0.003 , 99.245
712712 , 98.527 , -0.002 , 98.524
712860 , 98.857 , 0.001 , 98.858
713008 , 98.600 , -0.003 , 98.597
713156 , 98.967 , -0.002 , 98.965
713304 , 99.743 , 0.005 , 99.748
713452 , 97.750 , 0.001 , 97.751
713600 , 97.903 , -0.001 , 97.903
713748 , 97.551 , 0.004 , 97.555
713896 , 99.969 , 0.007 , 99.976
714044 , 98.253 , 0.002 , 98.255
714192 , 98.173 , -0.000 , 98.173
714340 , 98.713 , 0.006 , 98.719
714488 , 98.996 , -0.008 , 98.988
714636 , 98.591 , -0.007 , 98.584
714784 , 97.619 , 0.003 , 97.621
714932 , 98.299 , -0.009 , 98.290
715080 , 99.391 , -0.000 , 99.390
715228 , 97.991 , -0.005 , 97.985
715376 , 99.330 , 0.002 , 99.332
715524 , 98.517 , -0.004 , 98.513
715672 , 98.399 , -0.001 , 98.398
715820 , 98.416 , 0.008 , 98.424
715968 , 98.542 , 0.001 , 98.543
716116 , 99.384 , -0.001 , 99.383
716264 , 98.337 , -0.005 , 98.332
716412 , 99.243 , -0.010 , 99.233
716560 , 99.014 , -0.004 , 99.010
716708 , 98.510 , -0.006 , 98.504
716856 , 98.231 , 0.007 , 98.238
717004 , 98.777 , 0.000 , 98.777
717152 , 98.807 , 0.003 , 98.809
717300 , 99.152 , -0.004 , 99.149
717448 , 98.277 , 0.005 , 98.282
717596 , 99.553 , 0.003 , 99.555
717744 , 98.595 , 0.002 , 98.596
717892 , 97.418 , -0.004 , 97.414
718040 , 98.763 , 0.007 , 98.770
718188 , 96.989 , -0.007 , 96.981
718336 , 98.365 , -0.003 , 98.362
718484 , 98.347 , 0.005 , 98.352
718632 , 97.786 , -0.001 , 97.785
718780 , 98.443 , 0.003 , 98.446
718928 , 98.297 , -0.001 , 98.297
719076 , 98.794 , -0.003 , 98.791
719224 , 99.169 , 0.000 , 99.170
719372 , 99.127 , 0.001 , 99.127
719520 , 97.283 , -0.007 , 97.275
719668 , 99.871 , 0.004 , 99.876
719816 , 97.400 , 0.003 , 97.403
719964 , 98.589 , -0.011 , 98.578
720112 , 98.349 , 0.009 , 98.357
720260 , 97.830 , -0.000 , 97.830
720408 , 98.740 , 0.004 , 98.744
720556 , 98.021 , -0.000 , 98.020
720704 , 98.595 , 0.004 , 98.599
720852 , 98.008 , -0.001 , 98.007
721000 , 98.316 , -0.001 , 98.315
721148 , 97.999 , 0.005 , 98.004
721296 , 99.264 , -0.003 , 99.261
721444 , 98.047 , -0.001 , 98.047
721592 , 99.296 , -0.000 , 99.296
721740 , 98.145 , -0.001 , 98.143
721888 , 97.594 , 0.009 , 97.603
722036 , 98.513 , -0.012 , 98.501
722184 , 98.329 , 0.000 , 98.329
722332 , 98.245 , 0.003 , 98.247
722480 , 99.085 , -0.003 , 99.082
722628 , 98.209 , -0.008 , 98.201
722776 , 98.160 , 0.002 , 98.162
722924 , 98.357 , 0.002 , 98.359
723072 , 98.341 , -0.004 , 98.337
723220 , 97.326 , -0.003 , 97.323
723368 , 98.866 , -0.002 , 98.864
723516 , 98.431 , 0.003 , 98.433
723664 , 97.569 , 0.002 , 97.571
723812 , 97.398 , -0.002 , 97.396
723960 , 99.451 , -0.006 , 99.445
724108 , 98.373 , 0.003 , 98.377
724256 , 98.312 , -0.001 , 98.311
724404 , 97.776 , -0.002 , 97.774
724552 , 98.475 , 0.001 , 98.477
724700 , 97.752 , 0.002 , 97.754
724848 , 98.137 , 0.003 , 98.140
724996 , 98.402 , -0.002 , 98.400
725144 , 98.132 , -0.011 , 98.121
725292 , 97.356 , -0.014 , 97.342
725440 , 99.332 , -0.002 , 99.330
725588 , 99.117 , 0.001 , 99.118
725736 , 98.015 , 0.002 , 98.018
725884 , 99.860 , 0.005 , 99.865
726032 , 98.750 , 0.002 , 98.752
726180 , 99.502 , -0.005 , 99.497
726328 , 99.543 , -0.004 , 99.540
726476 , 98.101 , -0.007 , 98.094
726624 , 98.883 , -0.001 , 98.881
726772 , 97.999 , -0.003 , 97.997
726920 , 99.157 , -0.003 , 99.154
727068 , 98.049 , 0.000 , 98.049
727216 , 98.416 , -0.009 , 98.407
727364 , 98.143 , -0.003 , 98.140
727512 , 98.849 , -0.002 , 98.846
727660 , 99.467 , -0.009 , 99.458
727808 , 98.177 , 0.009 , 98.186
727956 , 99.949 , -0.006 , 99.943
728104 , 98.567 , -0.009 , 98.558
728252 , 97.980 , -0.001 , 97.979
728400 , 99.055 , -0.003 , 99.052
728548 , 98.597 , -0.005 , 98.591
728696 , 97.029 , -0.002 , 97.027
728844 , 97.790 , -0.007 , 97.783
728992 , 98.089 , -0.006 , 98.083
729140 , 99.127 , -0.001 , 99.126
729288 , 99.453 , -0.011 , 99.442
729436 , 99.071 , 0.006 , 99.077
729584 , 98.735 , 0.009 , 98.744
729732 , 100.121 , 0.007 , 100.128
729880 , 98.401 , 0.004 , 98.405
730028 , 99.841 , 0.001 , 99.843
730176 , 100.457 , 0.004 , 100.461
730324 , 97.775 , -0.005 , 97.770
730472 , 97.675 , -0.003 , 97.672
730620 , 98.468 , -0.001 , 98.467
730768 , 99.077 , -0.001 , 99.077
730916 , 98.714 , -0.003 , 98.711
731064 , 98.592 , -0.005 , 98.587
731212 , 98.919 , 0.003 , 98.922
731360 , 98.477 , -0.003 , 98.475
731508 , 98.337 , 0.003 , 98.340
731656 , 99.289 , 0.008 , 99.296
731804 , 98.869 , 0.005 , 98.874
731952 , 98.723 , 0.006 , 98.729
732100 , 97.976 , -0.006 , 97.970
732248 , 98.830 , 0.001 , 98.831
732396 , 98.831 , 0.005 , 98.836
732544 , 97.939 , -0.004 , 97.934
732692 , 100.080 , -0.000 , 100.080
732840 , 98.485 , -0.006 , 98.480
732988 , 99.207 , 0.006 , 99.213
733136 , 98.215 , -0.000 , 98.215
733284 , 98.441 , -0.007 , 98.433
733432 , 97.727 , -0.002 , 97.725
733580 , 98.396 , -0.005 , 98.391
733728 , 98.662 , 0.000 , 98.662
733876 , 99.915 , -0.004 , 99.912
734024 , 97.142 , -0.007 , 97.135
734172 , 99.476 , -0.005 , 99.471
734320 , 98.951 , 0.000 , 98.951
734468 , 98.818 , 0.004 , 98.822
734616 , 98.693 , 0.004 , 98.697
734764 , 98.100 , 0.003 , 98.103
734912 , 99.905 , 0.009 , 99.914
735060 , 98.586 , -0.001 , 98.585
735208 , 98.348 , -0.007 , 98.341
735356 , 98.505 , -0.010 , 98.495
735504 , 98.473 , 0.005 , 98.477
735652 , 99.041 , -0.008 , 99.033
735800 , 98.362 , 0.002 , 98.364
735948 , 98.968 , -0.000 , 98.968
736096 , 98.503 , 0.003 , 98.505
736244 , 98.558 , 0.004 , 98.562
736392 , 97.341 , 0.005 , 97.347
736540 , 98.083 , -0.006 , 98.077
736688 , 99.355 , -0.001 , 99.354
736836 , 98.979 , -0.006 , 98.973
736984 , 99.192 , 0.001 , 99.193
737132 , 97.981 , 0.007 , 97.989
737280 , 97.231 , -0.005 , 97.227
737428 , 98.082 , 0.002 , 98.084
737576 , 98.421 , -0.002 , 98.420
737724 , 99.318 , 0.008 , 99.326
737872 , 99.450 , -0.002 , 99.447
738020 , 99.137 , 0.000 , 99.137
738168 , 99.249 , -0.004 , 99.244
738316 , 100.278 , 0.001 , 100.279
738464 , 99.133 , -0.002 , 99.132
738612 , 98.225 , 0.001 , 98.226
738760 , 97.719 , -0.002 , 97.717
738908 , 98.765 , -0.007 , 98.758
739056 , 98.617 , 0.000 , 98.617
739204 , 98.567 , 0.004 , 98.572
739352 , 99.835 , 0.003 , 99.838
739500 , 98.678 , -0.001 , 98.677
739648 , 99.482 , 0.007 , 99.488
739796 , 97.989 , -0.003 , 97.986
739944 , 99.173 , -0.001 , 99.172
740092 , 98.475 , 0.005 , 98.480
740240 , 98.106 , -0.004 , 98.103
740388 , 99.290 , 0.002 , 99.292
740536 , 99.073 , 0.000 , 99.074
740684 , 97.524 , -0.005 , 97.519
740832 , 98.928 , 0.000 , 98.928
740980 , 98.091 , 0.002 , 98.093
741128 , 98.757 , 0.004 , 98.760
741276 , 97.827 , 0.000 , 97.827
741424 , 98.720 , -0.003 , 98.717
741572 , 99.150 , 0.003 , 99.153
741720 , 97.976 , 0.002 , 97.978
741868 , 98.459 , 0.003 , 98.462
742016 , 98.219 , 0.011 , 98.230
742164 , 98.310 , 0.007 , 98.317
742312 , 98.887 , -0.012 , 98.876
742460 , 98.987 , -0.007 , 98.980
742608 , 99.053 , -0.007 , 99.046
742756 , 99.671 , -0.005 , 99.666
742904 , 99.375 , 0.000 , 99.375
743052 , 99.501 , -0.004 , 99.497
743200 , 98.570 , 0.000 , 98.570
743348 , 97.824 , -0.006 , 97.818
743496 , 98.265 , -0.000 , 98.265
743644 , 98.182 , -0.005 , 98.177
743792 , 99.193 , -0.013 , 99.180
743940 , 98.359 , 0.007 , 98.366
744088 , 98.486 , 0.002 , 98.488
744236 , 99.154 , 0.002 , 99.156
744384 , 99.034 , 0.002 , 99.036
744532 , 98.435 , -0.003 , 98.432
744680 , 98.573 , -0.002 , 98.571
744828 , 99.439 , 0.006 , 99.445
744976 , 98.325 , -0.005 , 98.320
745124 , 99.818 , -0.007 , 99.811
745272 , 98.973 , -0.001 , 98.972
745420 , 99.354 , 0.005 , 99.359
745568 , 98.265 , -0.007 , 98.258
745716 , 98.090 , 0.001 , 98.091
745864 , 99.369 , -0.002 , 99.367
746012 , 99.789 , 0.002 , 99.791
746160 , 98.612 , -0.004 , 98.608
746308 , 99.743 , -0.001 , 99.742
746456 , 98.445 , 0.006 , 98.451
