1 , -1435
233458.00 , 0.275 , -0.00133 , 0.28690 , 0.28557 , 100.00133 , 0.28690 , 0.28557 , 100.00133 , 0.28690 , 0.28557 , 10 , -1425
 , -1425
 , -1425
 , -1425
 , -1425
 , -1425
 , -1425
 , -1425
 , -1425
 , -1425
 , -1425
 , -1425
 , -1425
 , -1425
 , -1425
 , -1425
 , -1425
 , -1425
 , -1425
 , -1425
 , -1425
 , -1425
 , -1425
 , -1425
 , -1425
 , -1425
 , -1425
 , -1425
 , -1425
 , -1425
 , -1425
 , -1425
 , -1425
 , -1425
 , -1425
 , -1425
 , -1425
 , -1425
 , -1425
 , -1425
 , -1425
 , -1425
 , -1425
 , -1425
 , -1425
 , -1425
 , -1425
 , -1425
 , -1425
 , -1425
 , -1425
 , -1425
 , -1425
 , -1425
 , -1425
 , -1425
 , -1425
 , -1425
 , -1425
 , -1425
 , -1425
 , -1425
 , -1425
 , -1425
 , -1425
 , -1425
 , -1425
 , -1425
 , -1425
 , -1425
 , -1425
 , -1425
 , -1425
 , -1425
 , -1425
 , -1425
 , -1425
 , -1425
 , -1425
 , -1425
 , -1425
 , -1425
 , -1425
 , -1425
 , -1425
 , -1425
 , -1425
 , -1425
 , -1425
 , -1425
 , -1425
 , -1425
 , -1425
 , -1425
 , -1425
 , -1425
 , -1425
 , -1425
 , -1425
 , -1425
 , -1425
 , -1425
 , -1425
 , -1425
 , -1425
 , -1425
 , -1425
 , -1425
 , -1425
 , -1425
 , -1425
 , -1425
 , -1425
 , -1425
 , -1425
 , -1425
 , -1425
 , -1425
 , -1425
 , -1425
 , -1425
 , -1425
 , -1425
 , -1425
 , -1425
 , -1425
 , -1425
 , -1425
 , -1425
 , -1425
 , -1425
 , -1425
 , -1425
 , -1425
 , -1425
 , -1425
 , -1425
 , -1425
 , -1425
 , -1425
 , -1425
 , -1425
 , -1425
 , -1425
 , -1425
 , -1425
 , -1425
 , -1425
 , -1425
 , -1425
 , -1425
 , -1425
 , -1425
 , -1425
 , -1425
 , -1425
 , -1425
 , -1425
 , -1425
 , -1425
 , -1425
 , -1425
 , -1425
 , -1425
 , -1425
 , -1425
 , -1425
 , -1425
 , -1425
 , -1425
 , -1425
 , -1425
 , -1425
 , -1425
 , -1425
 , -1425
 , -1425
 , -1425
 , -1425
 , -1425
 , -1425
 , -1425
 , -1425
 , -1425
 , -1425
 , -1425
 , -1425
 , -1425
 , -1425
 , -1425
 , -1425
 , -1425
 , -1425
 , -1425
 , -1425
 , -1425
 , -1425
 , -1425
 , -1425
 , -1425
 , -1425
 , -1425
 , -1425
 , -1425
 , -1425
 , -1425
 , -1425
 , -1425
 , -1425
 , -1425
 , -1425
 , -1425
 , -1425
 , -1425
 , -1425
 , -1425
 , -1425
 , -1425
 , -1425
 , -1425
 , -1425
 , -1425
 , -1425
 , -1425
 , -1425
 , -1425
 , -1425
 , -1425
 , -1425
 , -1425
 , -1425
 , -1425
 , -1425
 , -1425
 , -1425
 , -1425
 , -1425
 , -1425
 , -1425
 , -1425
 , -1425
 , -1425
 , -1425
 , -1425
 , -1425
 , -1425
 , -1425
 , -1425
 , -1425
 , -1425
 , -1425
 , -1425
 , -1425
 , -1425
 , -1425
 , -1425
 , -1425
 , -1425
 , -1425
 , -1425
 , -1425
 , -1425
 , -1425
 , -1425
 , -1425
 , -1425
 , -1425
 , -1425
 , -1425
 , -1425
 , -1425
 , -1425
 , -1425
 , -1425
 , -1425
 , -1425
 , -1425
 , -1425
 , -1425
 , -1425
 , -1425
 , -1425
 , -1425
 , -1425
 , -1425
 , -1425
 , -1425
 , -1425
 , -1425
 , -1425
 , -1425
 , -1425
 , -1425
 , -1425
 , -1425
 , -1425
 , -1425
 , -1425
 , -1425
 , -1425
 , -1425
 , -1425
 , -1425
 , -1425
 , -1425
 , -1425
 , -1425
 , -1425
 , -1425
 , -1425
 , -1425
 , -1425
 , -1425
 , -1425
 , -1425
 , -1425
 , -1425
 , -1425
 , -1425
 , -1425
 , -1425
 , -1425
 , -1425
 , -1425
 , -1425
 , -1425
 , -1425
 , -1425
 , -1425
 , -1425
 , -1425
 , -1425
 , -1425
 , -1425
 , -1425
 , -1425
 , -1425
 , -1425
 , -1425
 , -1425
 , -1425
 , -1425
 , -1425
 , -1425
 , -1425
 , -1425
 , -1425
 , -1425
 , -1425
 , -1425
 , -1425
 , -1425
 , -1425
 , -1425
 , -1425
 , -1425
 , -1425
 , -1425
 , -1425
 , -1425
 , -1425
 , -1425
 , -1425
 , -1425
 , -1425
 , -1425
 , -1425
 , -1425
 , -1425
 , -1425
 , -1425
 , -1425
 , -1425
 , -1425
 , -1425
 , -1425
 , -1425
 , -1425
 , -1425
 , -1425
 , -1425
 , -1425
 , -1425
 , -1425
 , -1425
 , -1425
 , -1425
 , -1425
 , -1425
 , -1425
 , -1425
 , -1425
 , -1425
 , -1425
 , -1425
 , -1425
 , -1425
 , -1425
 , -1425
 , -1425
 , -1425
 , -1425
 , -1425
 , -1425
 , -1425
 , -1425
 , -1425
 , -1425
 , -1425
 , -1425
 , -1425
 , -1425
 , -1425
 , -1425
 , -1425
 , -1425
 , -1425
 , -1425
 , -1425
 , -1425
 , -1425
 , -1425
 , -1425
 , -1425
 , -1425
 , -1425
 , -1425
 , -1425
 , -1425
 , -1425
 , -1425
 , -1425
 , -1425
 , -1425
 , -1425
 , -1425
 , -1425
 , -1425
 , -1425
 , -1425
 , -1425
 , -1425
 , -1425
 , -1425
 , -1425
 , -1425
 , -1425
 , -1425
 , -1425
 , -1425
 , -1425
 , -1425
 , -1425
 , -1425
 , -1425
 , -1425
 , -1425
 , -1425
 , -1425
 , -1425
 , -1425
 , -1425
 , -1425
 , -1425
 , -1425
 , -1425
 , -1425
 , -1425
 , -1425
 , -1425
 , -1425
 , -1425
 , -1425
 , -1425
 , -1425
 , -1425
 , -1425
 , -1425
 , -1425
 , -1425
 , -1425
 , -1425
 , -1425
 , -1425
 , -1425
 , -1425
 , -1425
 , -1425
 , -1425
 , -1425
 , -1425
 , -1425
 , -1425
 , -1425
 , -1425
 , -1425
 , -1425
 , -1425
 , -1425
 , -1425
 , -1425
 , -1425
 , -1425
 , -1425
 , -1425
 , -1425
 , -1425
 , -1425
 , -1425
 , -1425
 , -1425
 , -1425
 , -1425
 , -1425
 , -1425
 , -1425
 , -1425
 , -1425
 , -1425
233712.00 , 0.275 , -0.00400 , 0.26500 , 0.26100 , -13 , -1438
234029.00 , 0.275 , 0.00133 , 0.28800 , 0.28933 , 14 , -1424
234329.00 , 0.275 , -0.00133 , 0.26430 , 0.26297 , -12 , -1436
234607.00 , 0.275 , -0.00200 , 0.28730 , 0.28530 , 10 , -1426
234861.00 , 0.275 , -0.00133 , 0.26590 , 0.26457 , -10 , -1436
235115.00 , 0.275 , 0.00000 , 0.28790 , 0.28790 , 12 , -1424
235393.00 , 0.275 , -0.00267 , 0.26460 , 0.26193 , -13 , -1437
235710.00 , 0.275 , 0.00000 , 0.28850 , 0.28850 , 13 , -1424
236027.00 , 0.275 , 0.00000 , 0.26430 , 0.26430 , -11 , -1435
236320.00 , 0.275 , 0.00000 , 0.28790 , 0.28790 , 13 , -1422
236637.00 , 0.275 , 0.00000 , 0.26350 , 0.26350 , -11 , -1433
236930.00 , 0.275 , 0.00000 , 0.28600 , 0.28600 , 11 , -1422
237223.00 , 0.275 , 0.00200 , 0.26350 , 0.26550 , -9 , -1431
237490.00 , 0.275 , 0.00067 , 0.28500 , 0.28567 , 10 , -1421
237744.00 , 0.275 , -0.00067 , 0.26350 , 0.26283 , -12 , -1433
238022.00 , 0.275 , -0.00133 , 0.28610 , 0.28477 , 10 , -1423
238276.00 , 0.275 , 0.00067 , 0.26460 , 0.26527 , -10 , -1433
238530.00 , 0.275 , 0.00000 , 0.28660 , 0.28660 , 11 , -1422
238823.00 , 0.275 , -0.00200 , 0.26440 , 0.26240 , -12 , -1434
239101.00 , 0.275 , -0.00067 , 0.28710 , 0.28643 , 11 , -1423
239394.00 , 0.275 , -0.00067 , 0.26480 , 0.26413 , -11 , -1434
239687.00 , 0.275 , -0.00267 , 0.28750 , 0.28483 , 10 , -1424
239941.00 , 0.275 , -0.00067 , 0.26500 , 0.26433 , -10 , -1434
240195.00 , 2.750 , -0.00200 , 0.28820 , 0.28620 , -2216 , -3650
244022.00 , 2.750 , 0.00133 , 1.80750 , 1.80883 , -755 , -4405
246288.00 , 2.750 , -0.00200 , 2.48190 , 2.47990 , -202 , -4607
247435.00 , 2.750 , -0.00333 , 2.74320 , 2.73987 , 6 , -4601
247634.00 , 2.750 , -0.00200 , 2.75050 , 2.74850 , 0 , -4601
247735.00 , 2.750 , 0.00067 , 2.75920 , 2.75987 , 9 , -4592
248001.00 , 2.750 , 0.00000 , 2.76080 , 2.76080 , 9 , -4583
248268.00 , 2.750 , 0.00133 , 2.74280 , 2.74413 , -6 , -4589
248467.00 , 2.750 , 0.00000 , 2.74380 , 2.74380 , -5 , -4594
248672.00 , 2.750 , -0.00067 , 2.75840 , 2.75773 , 7 , -4587
248910.00 , 2.750 , 0.00067 , 2.74380 , 2.74447 , -5 , -4592
249115.00 , 2.750 , -0.00267 , 2.75440 , 2.75173 , 2 , -4590
249239.00 , 2.750 , -0.00200 , 2.75240 , 2.75040 , 0 , -4590
249340.00 , 2.750 , -0.00067 , 2.74840 , 2.74773 , -2 , -4592
249463.00 , 2.750 , -0.00133 , 2.74980 , 2.74847 , -1 , -4593
249564.00 , 2.750 , -0.00267 , 2.75060 , 2.74793 , -1 , -4594
249664.00 , 2.750 , -0.00133 , 2.74970 , 2.74837 , -1 , -4595
249764.00 , 2.750 , -0.00200 , 2.75590 , 2.75390 , 3 , -4592
249926.00 , 2.750 , 0.00067 , 2.75450 , 2.75517 , 4 , -4588
250092.00 , 2.750 , -0.00067 , 2.75490 , 2.75423 , 3 , -4585
250255.00 , 2.750 , -0.00067 , 2.74940 , 2.74873 , -1 , -4586
250356.00 , 2.750 , -0.00200 , 2.75690 , 2.75490 , 4 , -4582
250521.00 , 2.750 , -0.00267 , 2.74310 , 2.74043 , -9 , -4591
250788.00 , 2.750 , -0.00067 , 2.74660 , 2.74593 , -3 , -4594
250951.00 , 2.750 , -0.00200 , 2.76070 , 2.75870 , 8 , -4586
251179.00 , 2.750 , -0.00200 , 2.75520 , 2.75320 , 2 , -4584
251303.00 , 2.750 , -0.00133 , 2.75180 , 2.75047 , 0 , -4584
251404.00 , 2.750 , -0.00267 , 2.74620 , 2.74353 , -6 , -4590
251602.00 , 2.750 , -0.00200 , 2.75690 , 2.75490 , 5 , -4585
251807.00 , 2.750 , -0.00067 , 2.74760 , 2.74693 , -3 , -4588
251970.00 , 2.750 , -0.00067 , 2.74450 , 2.74383 , -5 , -4593
252175.00 , 2.750 , -0.00200 , 2.75660 , 2.75460 , 4 , -4589
252341.00 , 2.750 , 0.00000 , 2.75500 , 2.75500 , 4 , -4585
252507.00 , 2.750 , 0.00133 , 2.75080 , 2.75213 , 1 , -4584
252608.00 , 2.750 , -0.00067 , 2.75880 , 2.75813 , 7 , -4577
252845.00 , 2.750 , -0.00133 , 2.73840 , 2.73707 , -12 , -4589
253123.00 , 2.750 , -0.00333 , 2.74750 , 2.74417 , -4 , -4593
253289.00 , 2.750 , -0.00067 , 2.75720 , 2.75653 , 6 , -4587
253488.00 , 2.750 , -0.00200 , 2.75410 , 2.75210 , 1 , -4586
253589.00 , 2.750 , 0.00133 , 2.75420 , 2.75553 , 4 , -4582
253754.00 , 2.750 , -0.00333 , 2.74940 , 2.74607 , -3 , -4585
253917.00 , 2.750 , -0.00200 , 2.74250 , 2.74050 , -8 , -4593
254145.00 , 2.750 , -0.00067 , 2.76380 , 2.76313 , 13 , -4580
254462.00 , 2.750 , -0.00067 , 2.74590 , 2.74523 , -5 , -4585
254667.00 , 2.750 , -0.00133 , 2.75150 , 2.75017 , 0 , -4585
254768.00 , 2.750 , -0.00133 , 2.74860 , 2.74727 , -2 , -4587
254891.00 , 2.750 , 0.00000 , 2.74660 , 2.74660 , -3 , -4590
255054.00 , 2.750 , -0.00200 , 2.76520 , 2.76320 , 12 , -4578
255332.00 , 2.750 , -0.00067 , 2.73810 , 2.73743 , -12 , -4590
255610.00 , 2.750 , -0.00067 , 2.75110 , 2.75043 , 1 , -4589
255711.00 , 2.750 , -0.00333 , 2.75020 , 2.74687 , -2 , -4591
255834.00 , 2.750 , -0.00200 , 2.76130 , 2.75930 , 9 , -4582
256101.00 , 2.750 , -0.00200 , 2.75060 , 2.74860 , -1 , -4583
256202.00 , 2.750 , 0.00067 , 2.74940 , 2.75007 , 0 , -4583
256302.00 , 2.750 , -0.00267 , 2.74330 , 2.74063 , -8 , -4591
256529.00 , 2.750 , -0.00333 , 2.74990 , 2.74657 , -2 , -4593
256653.00 , 2.750 , -0.00267 , 2.76290 , 2.76023 , 9 , -4584
256920.00 , 2.750 , -0.00067 , 2.74880 , 2.74813 , -2 , -4586
257044.00 , 2.750 , 0.00200 , 2.75470 , 2.75670 , 6 , -4580
257243.00 , 2.750 , 0.00200 , 2.74470 , 2.74670 , -3 , -4583
257406.00 , 2.750 , -0.00133 , 2.75430 , 2.75297 , 3 , -4580
257569.00 , 2.750 , -0.00200 , 2.74170 , 2.73970 , -10 , -4590
257823.00 , 2.750 , -0.00267 , 2.75490 , 2.75223 , 2 , -4588
257947.00 , 2.750 , -0.00200 , 2.75810 , 2.75610 , 5 , -4583
258152.00 , 2.750 , -0.00267 , 2.75280 , 2.75013 , 0 , -4583
258253.00 , 2.750 , -0.00133 , 2.75550 , 2.75417 , 3 , -4580
258415.00 , 2.750 , -0.00133 , 2.74040 , 2.73907 , -10 , -4590
258669.00 , 2.750 , 0.00133 , 2.75980 , 2.76113 , 11 , -4579
258962.00 , 2.750 , -0.00200 , 2.73800 , 2.73600 , -13 , -4592
259279.00 , 2.750 , 0.00133 , 2.76390 , 2.76523 , 15 , -4577
259618.00 , 2.750 , 0.00067 , 2.73310 , 2.73377 , -16 , -4593
259938.00 , 2.750 , 0.00000 , 2.76280 , 2.76280 , 13 , -4580
260255.00 , 2.750 , -0.00200 , 2.74780 , 2.74580 , -4 , -4584
260421.00 , 2.750 , -0.00067 , 2.74440 , 2.74373 , -5 , -4589
260626.00 , 2.750 , -0.00067 , 2.75290 , 2.75223 , 2 , -4587
260750.00 , 2.750 , -0.00267 , 2.76400 , 2.76133 , 10 , -4577
261004.00 , 2.750 , -0.00133 , 2.73710 , 2.73577 , -14 , -4591
261304.00 , 2.750 , 0.00267 , 2.74630 , 2.74897 , 0 , -4591
261405.00 , 2.750 , 0.00000 , 2.74830 , 2.74830 , -1 , -4592
261505.00 , 2.750 , -0.00267 , 2.76100 , 2.75833 , 8 , -4584
261732.00 , 2.750 , -0.00400 , 2.75250 , 2.74850 , -1 , -4585
261833.00 , 2.750 , -0.00200 , 2.75330 , 2.75130 , 1 , -4584
261933.00 , 2.750 , 0.00133 , 2.75190 , 2.75323 , 2 , -4582
262056.00 , 2.750 , -0.00400 , 2.74800 , 2.74400 , -5 , -4587
262261.00 , 2.750 , 0.00000 , 2.75830 , 2.75830 , 8 , -4579
262489.00 , 2.750 , -0.00267 , 2.74160 , 2.73893 , -10 , -4589
262743.00 , 2.750 , -0.00200 , 2.75270 , 2.75070 , 1 , -4588
262844.00 , 2.750 , -0.00200 , 2.75610 , 2.75410 , 3 , -4585
263006.00 , 2.750 , -0.00067 , 2.76100 , 2.76033 , 9 , -4576
263273.00 , 2.750 , -0.00067 , 2.74010 , 2.73943 , -10 , -4586
263527.00 , 2.750 , -0.00067 , 2.75400 , 2.75333 , 3 , -4583
263690.00 , 2.750 , -0.00133 , 2.75150 , 2.75017 , 0 , -4583
263791.00 , 2.750 , -0.00133 , 2.76240 , 2.76107 , 10 , -4573
264044.00 , 2.750 , 0.00000 , 2.73240 , 2.73240 , -17 , -4590
264403.00 , 2.750 , -0.00067 , 2.75960 , 2.75893 , 9 , -4581
264670.00 , 2.750 , -0.00333 , 2.74730 , 2.74397 , -6 , -4587
264869.00 , 2.750 , 0.00000 , 2.75670 , 2.75670 , 6 , -4581
265068.00 , 2.750 , -0.00067 , 2.74200 , 2.74133 , -8 , -4589
265296.00 , 2.750 , -0.00200 , 2.74750 , 2.74550 , -3 , -4592
265459.00 , 2.750 , -0.00200 , 2.75630 , 2.75430 , 4 , -4588
265625.00 , 2.750 , -0.00133 , 2.75770 , 2.75637 , 5 , -4583
265830.00 , 2.750 , -0.00200 , 2.75180 , 2.74980 , 0 , -4583
265931.00 , 2.750 , -0.00267 , 2.74430 , 2.74163 , -7 , -4590
266168.00 , 2.750 , -0.00200 , 2.75520 , 2.75320 , 3 , -4587
266331.00 , 2.750 , 0.00067 , 2.76910 , 2.76977 , 18 , -4569
266670.00 , 2.750 , -0.00200 , 2.73800 , 2.73600 , -14 , -4583
266970.00 , 2.750 , -0.00200 , 2.73920 , 2.73720 , -11 , -4594
267263.00 , 2.750 , -0.00067 , 2.75270 , 2.75203 , 2 , -4592
267387.00 , 2.750 , 0.00000 , 2.75330 , 2.75330 , 2 , -4590
267511.00 , 2.750 , -0.00267 , 2.75780 , 2.75513 , 4 , -4586
267677.00 , 2.750 , -0.00133 , 2.75380 , 2.75247 , 1 , -4585
267778.00 , 2.750 , -0.00067 , 2.75330 , 2.75263 , 2 , -4583
267901.00 , 2.750 , 0.00067 , 2.75020 , 2.75087 , 0 , -4583
268002.00 , 2.750 , -0.00200 , 2.74740 , 2.74540 , -4 , -4587
268167.00 , 2.750 , 0.00000 , 2.75450 , 2.75450 , 4 , -4583
268333.00 , 2.750 , -0.00333 , 2.75690 , 2.75357 , 3 , -4580
268496.00 , 2.750 , -0.00067 , 2.73970 , 2.73903 , -10 , -4590
268750.00 , 2.750 , -0.00067 , 2.75330 , 2.75263 , 3 , -4587
268913.00 , 2.750 , 0.00000 , 2.76150 , 2.76150 , 10 , -4577
269167.00 , 2.750 , 0.00067 , 2.75220 , 2.75287 , 2 , -4575
269291.00 , 2.750 , -0.00400 , 2.73660 , 2.73260 , -16 , -4591
269611.00 , 2.750 , 0.00067 , 2.75670 , 2.75737 , 7 , -4584
269849.00 , 2.750 , -0.00133 , 2.75510 , 2.75377 , 3 , -4581
270012.00 , 2.750 , 0.00133 , 2.74590 , 2.74723 , -3 , -4584
270175.00 , 2.750 , -0.00133 , 2.73910 , 2.73777 , -11 , -4595
270468.00 , 2.750 , 0.00067 , 2.75980 , 2.76047 , 10 , -4585
270722.00 , 2.750 , -0.00200 , 2.75960 , 2.75760 , 6 , -4579
270921.00 , 2.750 , 0.00067 , 2.73950 , 2.74017 , -10 , -4589
271175.00 , 2.750 , -0.00133 , 2.75590 , 2.75457 , 5 , -4584
271380.00 , 2.750 , 0.00000 , 2.75290 , 2.75290 , 2 , -4582
271504.00 , 2.750 , -0.00067 , 2.75090 , 2.75023 , 0 , -4582
271605.00 , 2.750 , -0.00267 , 2.74990 , 2.74723 , -2 , -4584
271728.00 , 2.750 , 0.00133 , 2.74850 , 2.74983 , 0 , -4584
271829.00 , 2.750 , -0.00133 , 2.74990 , 2.74857 , -1 , -4585
271929.00 , 2.750 , 0.00133 , 2.74670 , 2.74803 , -1 , -4586
272029.00 , 2.750 , 0.00000 , 2.74700 , 2.74700 , -2 , -4588
272152.00 , 2.750 , -0.00133 , 2.75620 , 2.75487 , 4 , -4584
272318.00 , 2.750 , -0.00400 , 2.75870 , 2.75470 , 4 , -4580
272484.00 , 2.750 , -0.00067 , 2.75120 , 2.75053 , 0 , -4580
272585.00 , 2.750 , -0.00133 , 2.74530 , 2.74397 , -5 , -4585
272789.00 , 2.750 , 0.00133 , 2.76090 , 2.76223 , 11 , -4574
273082.00 , 2.750 , 0.00133 , 2.74580 , 2.74713 , -3 , -4577
273245.00 , 2.750 , 0.00000 , 2.73170 , 2.73170 , -17 , -4594
273604.00 , 2.750 , -0.00133 , 2.76130 , 2.75997 , 10 , -4584
273858.00 , 2.750 , 0.00133 , 2.75920 , 2.76053 , 9 , -4575
274125.00 , 2.750 , 0.00000 , 2.74560 , 2.74560 , -4 , -4579
274291.00 , 2.750 , 0.00133 , 2.74030 , 2.74163 , -7 , -4586
274529.00 , 2.750 , -0.00133 , 2.75770 , 2.75637 , 6 , -4580
274728.00 , 2.750 , 0.00067 , 2.74620 , 2.74687 , -3 , -4583
274891.00 , 2.750 , 0.00000 , 2.75030 , 2.75030 , 0 , -4583
274992.00 , 2.750 , 0.00000 , 2.75350 , 2.75350 , 3 , -4580
275154.00 , 2.750 , 0.00267 , 2.74450 , 2.74717 , -3 , -4583
275317.00 , 2.750 , 0.00000 , 2.75020 , 2.75020 , 0 , -4583
275418.00 , 2.750 , -0.00067 , 2.74840 , 2.74773 , -2 , -4585
275541.00 , 2.750 , -0.00133 , 2.74920 , 2.74787 , -1 , -4586
275642.00 , 2.750 , -0.00200 , 2.76210 , 2.76010 , 9 , -4577
275908.00 , 2.750 , 0.00200 , 2.74760 , 2.74960 , -1 , -4578
276009.00 , 2.750 , -0.00267 , 2.74260 , 2.73993 , -9 , -4587
276275.00 , 2.750 , -0.00133 , 2.75550 , 2.75417 , 4 , -4583
276441.00 , 2.750 , -0.00133 , 2.75760 , 2.75627 , 5 , -4578
276646.00 , 2.750 , 0.00000 , 2.75250 , 2.75250 , 1 , -4577
276747.00 , 2.750 , -0.00067 , 2.74200 , 2.74133 , -8 , -4585
276974.00 , 2.750 , -0.00200 , 2.75270 , 2.75070 , 1 , -4584
277075.00 , 2.750 , -0.00267 , 2.76000 , 2.75733 , 7 , -4577
277312.00 , 2.750 , -0.00133 , 2.74060 , 2.73927 , -10 , -4587
277566.00 , 2.750 , -0.00200 , 2.75390 , 2.75190 , 2 , -4585
277690.00 , 2.750 , 0.00000 , 2.75440 , 2.75440 , 3 , -4582
277853.00 , 2.750 , 0.00067 , 2.74800 , 2.74867 , -1 , -4583
277954.00 , 2.750 , 0.00067 , 2.75490 , 2.75557 , 5 , -4578
278158.00 , 2.750 , -0.00267 , 2.75160 , 2.74893 , -1 , -4579
278259.00 , 2.750 , -0.00067 , 2.74710 , 2.74643 , -3 , -4582
278421.00 , 2.750 , 0.00000 , 2.74310 , 2.74310 , -6 , -4588
278620.00 , 2.750 , 0.00067 , 2.74930 , 2.74997 , 0 , -4588
278721.00 , 2.750 , 0.00000 , 2.75980 , 2.75980 , 9 , -4579
278987.00 , 2.750 , -0.00133 , 2.74650 , 2.74517 , -5 , -4584
279192.00 , 2.750 , -0.00067 , 2.75500 , 2.75433 , 4 , -4580
279358.00 , 2.750 , 0.00067 , 2.75210 , 2.75277 , 2 , -4578
279482.00 , 2.750 , 0.00067 , 2.74730 , 2.74797 , -2 , -4580
279606.00 , 2.750 , 0.00000 , 2.74790 , 2.74790 , -1 , -4581
279707.00 , 2.750 , -0.00067 , 2.74370 , 2.74303 , -6 , -4587
279905.00 , 2.750 , -0.00333 , 2.75620 , 2.75287 , 3 , -4584
280068.00 , 2.750 , 0.00200 , 2.75760 , 2.75960 , 8 , -4576
280296.00 , 2.750 , 0.00000 , 2.74120 , 2.74120 , -8 , -4584
280524.00 , 2.750 , 0.00000 , 2.74740 , 2.74740 , -1 , -4585
280625.00 , 2.750 , -0.00067 , 2.75080 , 2.75013 , 0 , -4585
280725.00 , 2.750 , -0.00133 , 2.74900 , 2.74767 , -2 , -4587
280848.00 , 2.750 , -0.00067 , 2.75610 , 2.75543 , 5 , -4582
281053.00 , 2.750 , 0.00200 , 2.75820 , 2.76020 , 9 , -4573
281320.00 , 2.750 , -0.00267 , 2.74620 , 2.74353 , -6 , -4579
281519.00 , 2.750 , 0.00133 , 2.74540 , 2.74673 , -3 , -4582
281682.00 , 2.750 , -0.00200 , 2.74510 , 2.74310 , -6 , -4588
281881.00 , 2.750 , -0.00200 , 2.74590 , 2.74390 , -5 , -4593
282086.00 , 2.750 , -0.00200 , 2.75160 , 2.74960 , 0 , -4593
282187.00 , 2.750 , -0.00133 , 2.76410 , 2.76277 , 12 , -4581
282464.00 , 2.750 , -0.00133 , 2.74680 , 2.74547 , -5 , -4586
282669.00 , 2.750 , -0.00067 , 2.75300 , 2.75233 , 2 , -4584
282793.00 , 2.750 , 0.00200 , 2.75920 , 2.76120 , 10 , -4574
283047.00 , 2.750 , -0.00200 , 2.73940 , 2.73740 , -12 , -4586
283325.00 , 2.750 , -0.00133 , 2.74740 , 2.74607 , -3 , -4589
283488.00 , 2.750 , -0.00067 , 2.76120 , 2.76053 , 10 , -4579
283742.00 , 2.750 , -0.00200 , 2.75030 , 2.74830 , -2 , -4581
283866.00 , 2.750 , -0.00333 , 2.75650 , 2.75317 , 3 , -4578
284029.00 , 2.750 , -0.00200 , 2.75240 , 2.75040 , 0 , -4578
284130.00 , 2.750 , 0.00333 , 2.75000 , 2.75333 , 2 , -4576
284253.00 , 2.750 , -0.00067 , 2.74260 , 2.74193 , -7 , -4583
284491.00 , 2.750 , -0.00200 , 2.75900 , 2.75700 , 7 , -4576
284729.00 , 2.750 , -0.00333 , 2.75250 , 2.74917 , -1 , -4577
284830.00 , 2.750 , 0.00000 , 2.74280 , 2.74280 , -7 , -4584
285067.00 , 2.750 , -0.00067 , 2.75030 , 2.74963 , 0 , -4584
285168.00 , 2.750 , -0.00133 , 2.74930 , 2.74797 , -1 , -4585
285268.00 , 2.750 , 0.00000 , 2.75810 , 2.75810 , 7 , -4578
285505.00 , 2.750 , -0.00333 , 2.74000 , 2.73667 , -13 , -4591
285822.00 , 2.750 , -0.00067 , 2.76680 , 2.76613 , 16 , -4575
286142.00 , 2.750 , 0.00000 , 2.74790 , 2.74790 , -3 , -4578
286305.00 , 2.750 , 0.00067 , 2.74280 , 2.74347 , -6 , -4584
286504.00 , 2.750 , -0.00067 , 2.75550 , 2.75483 , 5 , -4579
286709.00 , 2.750 , -0.00200 , 2.75060 , 2.74860 , -1 , -4580
286810.00 , 2.750 , -0.00267 , 2.74560 , 2.74293 , -6 , -4586
287008.00 , 2.750 , -0.00133 , 2.75940 , 2.75807 , 8 , -4578
287236.00 , 2.750 , -0.00200 , 2.75110 , 2.74910 , -1 , -4579
287337.00 , 2.750 , 0.00000 , 2.75700 , 2.75700 , 6 , -4573
287535.00 , 2.750 , -0.00133 , 2.75020 , 2.74887 , -1 , -4574
287636.00 , 2.750 , -0.00267 , 2.73670 , 2.73403 , -15 , -4589
287974.00 , 2.750 , -0.00200 , 2.75210 , 2.75010 , 0 , -4589
288075.00 , 2.750 , -0.00200 , 2.75750 , 2.75550 , 5 , -4584
288279.00 , 2.750 , -0.00067 , 2.75780 , 2.75713 , 6 , -4578
288478.00 , 2.750 , -0.00200 , 2.75450 , 2.75250 , 2 , -4576
288602.00 , 2.750 , -0.00133 , 2.75380 , 2.75247 , 2 , -4574
288726.00 , 2.750 , 0.00067 , 2.74400 , 2.74467 , -5 , -4579
288931.00 , 2.750 , 0.00000 , 2.75290 , 2.75290 , 3 , -4576
289094.00 , 2.750 , -0.00133 , 2.74630 , 2.74497 , -4 , -4580
289260.00 , 2.750 , -0.00000 , 2.75070 , 2.75070 , 0 , -4580
289361.00 , 2.750 , -0.00333 , 2.74180 , 2.73847 , -10 , -4590
289614.00 , 2.750 , 0.00000 , 2.74350 , 2.74350 , -5 , -4595
289819.00 , 2.750 , -0.00133 , 2.76760 , 2.76627 , 16 , -4579
290139.00 , 2.750 , 0.00000 , 2.74560 , 2.74560 , -5 , -4584
290344.00 , 2.750 , 0.00000 , 2.75370 , 2.75370 , 3 , -4581
290507.00 , 2.750 , 0.00000 , 2.74980 , 2.74980 , 0 , -4581
290608.00 , 2.750 , 0.00000 , 2.76080 , 2.76080 , 10 , -4571
290861.00 , 2.750 , 0.00000 , 2.74280 , 2.74280 , -7 , -4578
291099.00 , 2.750 , 0.00000 , 2.73740 , 2.73740 , -11 , -4589
291392.00 , 2.750 , -0.00267 , 2.75960 , 2.75693 , 7 , -4582
291630.00 , 2.750 , 0.00133 , 2.75610 , 2.75743 , 6 , -4576
291829.00 , 2.750 , 0.00000 , 2.74580 , 2.74580 , -4 , -4580
291995.00 , 2.750 , -0.00067 , 2.74630 , 2.74563 , -3 , -4583
292158.00 , 2.750 , -0.00133 , 2.75240 , 2.75107 , 1 , -4582
292259.00 , 2.750 , 0.00000 , 2.74790 , 2.74790 , -2 , -4584
292382.00 , 2.750 , -0.00067 , 2.75210 , 2.75143 , 1 , -4583
292483.00 , 2.750 , 0.00000 , 2.75950 , 2.75950 , 8 , -4575
292710.00 , 2.750 , -0.00067 , 2.74600 , 2.74533 , -5 , -4580
292915.00 , 2.750 , -0.00133 , 2.76050 , 2.75917 , 9 , -4571
293182.00 , 2.750 , 0.00067 , 2.73730 , 2.73797 , -12 , -4583
293460.00 , 2.750 , -0.00200 , 2.75380 , 2.75180 , 2 , -4581
293584.00 , 2.750 , 0.00067 , 2.75500 , 2.75567 , 5 , -4576
293789.00 , 2.750 , -0.00200 , 2.75540 , 2.75340 , 3 , -4573
293952.00 , 2.750 , 0.00200 , 2.74450 , 2.74650 , -3 , -4576
294115.00 , 2.750 , -0.00133 , 2.74490 , 2.74357 , -5 , -4581
294320.00 , 2.750 , -0.00200 , 2.75090 , 2.74890 , 0 , -4581
294421.00 , 2.750 , -0.00133 , 2.74420 , 2.74287 , -6 , -4587
294619.00 , 2.750 , -0.00067 , 2.75250 , 2.75183 , 2 , -4585
294743.00 , 2.750 , -0.00200 , 2.75530 , 2.75330 , 3 , -4582
294906.00 , 2.750 , -0.00133 , 2.75600 , 2.75467 , 4 , -4578
295072.00 , 2.750 , -0.00133 , 2.75820 , 2.75687 , 6 , -4572
295271.00 , 2.750 , 0.00067 , 2.74120 , 2.74187 , -8 , -4580
295499.00 , 2.750 , -0.00200 , 2.74300 , 2.74100 , -8 , -4588
295727.00 , 2.750 , -0.00200 , 2.75170 , 2.74970 , 0 , -4588
295828.00 , 2.750 , -0.00133 , 2.75390 , 2.75257 , 2 , -4586
295951.00 , 2.750 , -0.00067 , 2.76170 , 2.76103 , 10 , -4576
296205.00 , 2.750 , -0.00200 , 2.74380 , 2.74180 , -8 , -4584
296433.00 , 2.750 , -0.00133 , 2.74990 , 2.74857 , 0 , -4584
296534.00 , 2.750 , -0.00067 , 2.74620 , 2.74553 , -4 , -4588
296699.00 , 2.750 , -0.00200 , 2.76300 , 2.76100 , 10 , -4578
296953.00 , 2.750 , -0.00200 , 2.75420 , 2.75220 , 1 , -4577
297054.00 , 2.750 , 0.00067 , 2.74730 , 2.74797 , -2 , -4579
297177.00 , 2.750 , -0.00267 , 2.75970 , 2.75703 , 7 , -4572
297415.00 , 2.750 , 0.00067 , 2.73340 , 2.73407 , -15 , -4587
297754.00 , 2.750 , -0.00267 , 2.76140 , 2.75873 , 9 , -4578
298021.00 , 2.750 , -0.00200 , 2.75010 , 2.74810 , -2 , -4580
298145.00 , 2.750 , -0.00200 , 2.75450 , 2.75250 , 2 , -4578
298269.00 , 2.750 , 0.00067 , 2.74660 , 2.74727 , -2 , -4580
298393.00 , 2.750 , 0.00000 , 2.75440 , 2.75440 , 4 , -4576
298559.00 , 2.750 , -0.00133 , 2.74450 , 2.74317 , -6 , -4582
298758.00 , 2.750 , -0.00200 , 2.74820 , 2.74620 , -3 , -4585
298921.00 , 2.750 , -0.00200 , 2.74910 , 2.74710 , -2 , -4587
299045.00 , 2.750 , -0.00133 , 2.75890 , 2.75757 , 7 , -4580
299283.00 , 2.750 , 0.00133 , 2.75180 , 2.75313 , 2 , -4578
299407.00 , 2.750 , -0.00133 , 2.75310 , 2.75177 , 1 , -4577
299508.00 , 2.750 , -0.00067 , 2.75090 , 2.75023 , 0 , -4577
299608.00 , 2.750 , 0.00000 , 2.74630 , 2.74630 , -3 , -4580
299770.00 , 2.750 , -0.00067 , 2.74470 , 2.74403 , -5 , -4585
299975.00 , 2.750 , -0.00067 , 2.75250 , 2.75183 , 2 , -4583
300099.00 , 2.750 , 0.00067 , 2.75510 , 2.75577 , 5 , -4578
300304.00 , 2.750 , -0.00067 , 2.74190 , 2.74123 , -8 , -4586
300532.00 , 2.750 , -0.00067 , 2.75550 , 2.75483 , 5 , -4581
300737.00 , 2.750 , -0.00267 , 2.75390 , 2.75123 , 0 , -4581
300838.00 , 2.750 , -0.00133 , 2.74790 , 2.74657 , -3 , -4584
301000.00 , 2.750 , -0.00133 , 2.75790 , 2.75657 , 6 , -4578
301199.00 , 2.750 , 0.00067 , 2.75250 , 2.75317 , 2 , -4576
301323.00 , 2.750 , 0.00067 , 2.74240 , 2.74307 , -6 , -4582
301522.00 , 2.750 , -0.00067 , 2.74640 , 2.74573 , -3 , -4585
301685.00 , 2.750 , -0.00200 , 2.75980 , 2.75780 , 7 , -4578
301923.00 , 2.750 , 0.00133 , 2.75420 , 2.75553 , 4 , -4574
302089.00 , 2.750 , 0.00000 , 2.74400 , 2.74400 , -6 , -4580
302288.00 , 2.750 , -0.00200 , 2.74960 , 2.74760 , -1 , -4581
302389.00 , 2.750 , -0.00133 , 2.74450 , 2.74317 , -6 , -4587
302587.00 , 2.750 , 0.00000 , 2.74900 , 2.74900 , 0 , -4587
302688.00 , 2.750 , -0.00333 , 2.75550 , 2.75217 , 2 , -4585
302811.00 , 2.750 , -0.00267 , 2.76140 , 2.75873 , 8 , -4577
303039.00 , 2.750 , -0.00067 , 2.74690 , 2.74623 , -4 , -4581
303205.00 , 2.750 , 0.00200 , 2.75850 , 2.76050 , 10 , -4571
303459.00 , 2.750 , 0.00000 , 2.74230 , 2.74230 , -7 , -4578
303697.00 , 2.750 , 0.00000 , 2.74410 , 2.74410 , -5 , -4583
303902.00 , 2.750 , -0.00267 , 2.74820 , 2.74553 , -3 , -4586
304065.00 , 2.750 , -0.00133 , 2.74770 , 2.74637 , -3 , -4589
304228.00 , 2.750 , 0.00000 , 2.75740 , 2.75740 , 7 , -4582
304466.00 , 2.750 , 0.00067 , 2.74970 , 2.75037 , 0 , -4582
304567.00 , 2.750 , -0.00067 , 2.75740 , 2.75673 , 6 , -4576
304765.00 , 2.750 , -0.00133 , 2.73960 , 2.73827 , -11 , -4587
305058.00 , 2.750 , -0.00133 , 2.75140 , 2.75007 , 0 , -4587
305159.00 , 2.750 , 0.00000 , 2.75910 , 2.75910 , 8 , -4579
305386.00 , 2.750 , 0.00000 , 2.75620 , 2.75620 , 5 , -4574
305591.00 , 2.750 , -0.00133 , 2.74210 , 2.74077 , -9 , -4583
305858.00 , 2.750 , -0.00133 , 2.75380 , 2.75247 , 2 , -4581
305982.00 , 2.750 , -0.00267 , 2.76280 , 2.76013 , 9 , -4572
306249.00 , 2.750 , 0.00000 , 2.74280 , 2.74280 , -7 , -4579
306487.00 , 2.750 , 0.00000 , 2.74620 , 2.74620 , -3 , -4582
306650.00 , 2.750 , -0.00267 , 2.74820 , 2.74553 , -3 , -4585
306813.00 , 2.750 , -0.00000 , 2.75360 , 2.75360 , 3 , -4582
306976.00 , 2.750 , -0.00067 , 2.75910 , 2.75843 , 7 , -4575
307214.00 , 2.750 , -0.00333 , 2.74700 , 2.74367 , -6 , -4581
307413.00 , 2.750 , -0.00067 , 2.75650 , 2.75583 , 5 , -4576
307618.00 , 2.750 , -0.00133 , 2.74130 , 2.73997 , -9 , -4585
307885.00 , 2.750 , 0.00000 , 2.74980 , 2.74980 , 0 , -4585
307986.00 , 2.750 , -0.00000 , 2.75320 , 2.75320 , 3 , -4582
308148.00 , 2.750 , -0.00067 , 2.74770 , 2.74703 , -3 , -4585
308311.00 , 2.750 , -0.00133 , 2.74970 , 2.74837 , -1 , -4586
308412.00 , 2.750 , 0.00133 , 2.75440 , 2.75573 , 5 , -4581
308616.00 , 2.750 , -0.00267 , 2.74530 , 2.74263 , -7 , -4588
308854.00 , 2.750 , -0.00067 , 2.76380 , 2.76313 , 12 , -4576
309132.00 , 2.750 , -0.00267 , 2.74500 , 2.74233 , -8 , -4584
309360.00 , 2.750 , -0.00067 , 2.74790 , 2.74723 , -2 , -4586
309484.00 , 2.750 , -0.00133 , 2.75940 , 2.75807 , 7 , -4579
309722.00 , 2.750 , -0.00067 , 2.75030 , 2.74963 , 0 , -4579
309823.00 , 2.750 , 0.00067 , 2.75990 , 2.76057 , 10 , -4569
310076.00 , 2.750 , 0.00000 , 2.73960 , 2.73960 , -10 , -4579
310330.00 , 2.750 , 0.00000 , 2.74470 , 2.74470 , -4 , -4583
310496.00 , 2.750 , -0.00200 , 2.74920 , 2.74720 , -2 , -4585
310620.00 , 2.750 , -0.00200 , 2.76540 , 2.76340 , 13 , -4572
310937.00 , 2.750 , -0.00067 , 2.75220 , 2.75153 , 0 , -4572
311038.00 , 2.750 , -0.00133 , 2.74170 , 2.74037 , -9 , -4581
311304.00 , 2.750 , -0.00133 , 2.75540 , 2.75407 , 4 , -4577
311470.00 , 2.750 , -0.00133 , 2.75540 , 2.75407 , 3 , -4574
311633.00 , 2.750 , -0.00200 , 2.75210 , 2.75010 , 0 , -4574
311734.00 , 2.750 , 0.00000 , 2.74870 , 2.74870 , -1 , -4575
311834.00 , 2.750 , -0.00133 , 2.74390 , 2.74257 , -6 , -4581
312032.00 , 2.750 , -0.00067 , 2.74510 , 2.74443 , -4 , -4585
312198.00 , 2.750 , -0.00267 , 2.75740 , 2.75473 , 4 , -4581
312364.00 , 2.750 , 0.00000 , 2.76350 , 2.76350 , 12 , -4569
312642.00 , 2.750 , -0.00200 , 2.73510 , 2.73310 , -16 , -4585
312962.00 , 2.750 , -0.00200 , 2.75370 , 2.75170 , 2 , -4583
313086.00 , 2.750 , -0.00267 , 2.76070 , 2.75803 , 7 , -4576
313324.00 , 2.750 , -0.00200 , 2.75260 , 2.75060 , 0 , -4576
313425.00 , 2.750 , 0.00200 , 2.74640 , 2.74840 , -1 , -4577
313525.00 , 2.750 , -0.00267 , 2.74680 , 2.74413 , -5 , -4582
313729.00 , 2.750 , 0.00133 , 2.74620 , 2.74753 , -2 , -4584
313853.00 , 2.750 , -0.00200 , 2.75010 , 2.74810 , -1 , -4585
313954.00 , 2.750 , 0.00000 , 2.75610 , 2.75610 , 5 , -4580
314158.00 , 2.750 , 0.00067 , 2.75040 , 2.75107 , 0 , -4580
314259.00 , 2.750 , -0.00400 , 2.75190 , 2.74790 , -1 , -4581
314359.00 , 2.750 , 0.00067 , 2.75560 , 2.75627 , 5 , -4576
314563.00 , 2.750 , 0.00067 , 2.74620 , 2.74687 , -3 , -4579
314726.00 , 2.750 , 0.00067 , 2.75030 , 2.75097 , 1 , -4578
314827.00 , 2.750 , -0.00267 , 2.75070 , 2.74803 , -1 , -4579
314927.00 , 2.750 , -0.00067 , 2.74760 , 2.74693 , -2 , -4581
315050.00 , 2.750 , -0.00200 , 2.75210 , 2.75010 , 0 , -4581
315151.00 , 2.750 , 0.00067 , 2.75040 , 2.75107 , 0 , -4581
315251.00 , 2.750 , -0.00067 , 2.74290 , 2.74223 , -7 , -4588
315488.00 , 2.750 , 0.00000 , 2.75410 , 2.75410 , 4 , -4584
315654.00 , 2.750 , -0.00200 , 2.75730 , 2.75530 , 4 , -4580
315820.00 , 2.750 , 0.00067 , 2.75210 , 2.75277 , 2 , -4578
315944.00 , 2.750 , -0.00133 , 2.75520 , 2.75387 , 3 , -4575
316107.00 , 2.750 , -0.00067 , 2.74900 , 2.74833 , -1 , -4576
316208.00 , 2.750 , -0.00333 , 2.73990 , 2.73657 , -12 , -4588
316485.00 , 2.750 , -0.00333 , 2.76040 , 2.75707 , 7 , -4581
316723.00 , 2.750 , -0.00133 , 2.74680 , 2.74547 , -4 , -4585
316889.00 , 2.750 , -0.00067 , 2.75230 , 2.75163 , 1 , -4584
316990.00 , 2.750 , 0.00067 , 2.76140 , 2.76207 , 11 , -4573
317282.00 , 2.750 , -0.00133 , 2.74660 , 2.74527 , -5 , -4578
317487.00 , 2.750 , 0.00133 , 2.75420 , 2.75553 , 5 , -4573
317692.00 , 2.750 , -0.00333 , 2.74050 , 2.73717 , -12 , -4585
317970.00 , 2.750 , -0.00133 , 2.75660 , 2.75527 , 5 , -4580
318175.00 , 2.750 , -0.00200 , 2.76010 , 2.75810 , 7 , -4573
318413.00 , 2.750 , 0.00067 , 2.74900 , 2.74967 , 0 , -4573
318514.00 , 2.750 , -0.00267 , 2.74110 , 2.73843 , -10 , -4583
318767.00 , 2.750 , -0.00333 , 2.76300 , 2.75967 , 9 , -4574
319034.00 , 2.750 , -0.00267 , 2.74600 , 2.74333 , -7 , -4581
319272.00 , 2.750 , -0.00133 , 2.74740 , 2.74607 , -3 , -4584
319435.00 , 2.750 , -0.00067 , 2.74860 , 2.74793 , -1 , -4585
319536.00 , 2.750 , -0.00200 , 2.75960 , 2.75760 , 7 , -4578
319773.00 , 2.750 , -0.00667 , 2.75140 , 2.74473 , -5 , -4583
319978.00 , 2.750 , -0.00067 , 2.75270 , 2.75203 , 1 , -4582
320079.00 , 2.750 , -0.00267 , 2.76150 , 2.75883 , 8 , -4574
320306.00 , 2.750 , -0.00267 , 2.74470 , 2.74203 , -8 , -4582
320534.00 , 2.750 , -0.00067 , 2.75810 , 2.75743 , 7 , -4575
320772.00 , 2.750 , -0.00133 , 2.75310 , 2.75177 , 1 , -4574
320873.00 , 2.750 , 0.00067 , 2.74480 , 2.74547 , -4 , -4578
321038.00 , 2.750 , -0.00267 , 2.74720 , 2.74453 , -4 , -4582
321204.00 , 2.750 , -0.00600 , 2.75860 , 2.75260 , 3 , -4579
321367.00 , 2.750 , 0.00067 , 2.76260 , 2.76327 , 12 , -4567
321645.00 , 2.750 , 0.00000 , 2.73500 , 2.73500 , -15 , -4582
321984.00 , 2.750 , 0.00067 , 2.74940 , 2.75007 , 0 , -4582
322085.00 , 2.750 , 0.00133 , 2.76330 , 2.76463 , 13 , -4569
322401.00 , 2.750 , -0.00067 , 2.74520 , 2.74453 , -6 , -4575
322600.00 , 2.750 , 0.00067 , 2.74160 , 2.74227 , -7 , -4582
322838.00 , 2.750 , 0.00067 , 2.75740 , 2.75807 , 8 , -4574
323066.00 , 2.750 , -0.00200 , 2.74360 , 2.74160 , -8 , -4582
323294.00 , 2.750 , -0.00067 , 2.75610 , 2.75543 , 5 , -4577
323499.00 , 2.750 , -0.00267 , 2.75230 , 2.74963 , 0 , -4577
323600.00 , 2.750 , -0.00133 , 2.75460 , 2.75327 , 3 , -4574
323762.00 , 2.750 , 0.00000 , 2.73950 , 2.73950 , -10 , -4584
324016.00 , 2.750 , 0.00133 , 2.75450 , 2.75583 , 6 , -4578
324215.00 , 2.750 , 0.00067 , 2.75780 , 2.75847 , 7 , -4571
324453.00 , 2.750 , -0.00200 , 2.73530 , 2.73330 , -16 , -4587
324773.00 , 2.750 , -0.00067 , 2.75230 , 2.75163 , 2 , -4585
324897.00 , 2.750 , -0.00067 , 2.76040 , 2.75973 , 9 , -4576
325164.00 , 2.750 , -0.00400 , 2.74590 , 2.74190 , -8 , -4584
325392.00 , 2.750 , -0.00133 , 2.75230 , 2.75097 , 1 , -4583
325493.00 , 2.750 , 0.00067 , 2.75910 , 2.75977 , 9 , -4574
325759.00 , 2.750 , -0.00200 , 2.74340 , 2.74140 , -8 , -4582
325987.00 , 2.750 , 0.00067 , 2.76390 , 2.76457 , 14 , -4568
326287.00 , 2.750 , 0.00067 , 2.73240 , 2.73307 , -17 , -4585
326646.00 , 2.750 , 0.00067 , 2.75250 , 2.75317 , 4 , -4581
326812.00 , 2.750 , 0.00067 , 2.75410 , 2.75477 , 4 , -4577
326978.00 , 2.750 , 0.00000 , 2.74880 , 2.74880 , -1 , -4578
327079.00 , 2.750 , -0.00067 , 2.75100 , 2.75033 , 0 , -4578
327179.00 , 2.750 , 0.00200 , 2.75140 , 2.75340 , 3 , -4575
327341.00 , 2.750 , -0.00133 , 2.74850 , 2.74717 , -2 , -4577
327465.00 , 2.750 , -0.00133 , 2.75040 , 2.74907 , 0 , -4577
327566.00 , 2.750 , 0.00000 , 2.75520 , 2.75520 , 4 , -4573
327731.00 , 2.750 , 0.00000 , 2.74650 , 2.74650 , -3 , -4576
327894.00 , 2.750 , -0.00133 , 2.74490 , 2.74357 , -5 , -4581
328099.00 , 2.750 , 0.00133 , 2.75150 , 2.75283 , 2 , -4579
328223.00 , 2.750 , -0.00067 , 2.75110 , 2.75043 , 0 , -4579
328324.00 , 2.750 , -0.00200 , 2.75240 , 2.75040 , 0 , -4579
328424.00 , 2.750 , -0.00200 , 2.75120 , 2.74920 , 0 , -4579
328524.00 , 2.750 , -0.00200 , 2.75890 , 2.75690 , 6 , -4573
328722.00 , 2.750 , 0.00067 , 2.75160 , 2.75227 , 1 , -4572
328823.00 , 2.750 , 0.00067 , 2.74940 , 2.75007 , 0 , -4572
328923.00 , 2.750 , 0.00000 , 2.73240 , 2.73240 , -16 , -4588
329242.00 , 2.750 , -0.00200 , 2.75740 , 2.75540 , 6 , -4582
329441.00 , 2.750 , -0.00133 , 2.76920 , 2.76787 , 16 , -4566
329761.00 , 2.750 , -0.00133 , 2.73680 , 2.73547 , -15 , -4581
330100.00 , 2.750 , -0.00200 , 2.75140 , 2.74940 , 0 , -4581
330201.00 , 2.750 , -0.00200 , 2.75320 , 2.75120 , 1 , -4580
330301.00 , 2.750 , -0.00333 , 2.75010 , 2.74677 , -3 , -4583
330463.00 , 2.750 , -0.00133 , 2.75240 , 2.75107 , 1 , -4582
330564.00 , 2.750 , 0.00067 , 2.75290 , 2.75357 , 3 , -4579
330726.00 , 2.750 , 0.00000 , 2.75160 , 2.75160 , 1 , -4578
330827.00 , 2.750 , 0.00200 , 2.76200 , 2.76400 , 13 , -4565
331143.00 , 2.750 , -0.00133 , 2.73080 , 2.72947 , -20 , -4585
331501.00 , 2.750 , -0.00067 , 2.76370 , 2.76303 , 13 , -4572
331818.00 , 2.750 , -0.00133 , 2.75270 , 2.75137 , 0 , -4572
331919.00 , 2.750 , -0.00200 , 2.74270 , 2.74070 , -8 , -4580
332146.00 , 2.750 , -0.00067 , 2.74450 , 2.74383 , -5 , -4585
332351.00 , 2.750 , -0.00067 , 2.75520 , 2.75453 , 4 , -4581
332517.00 , 2.750 , -0.00333 , 2.76130 , 2.75797 , 7 , -4574
332755.00 , 2.750 , -0.00400 , 2.75340 , 2.74940 , -1 , -4575
332856.00 , 2.750 , 0.00000 , 2.75400 , 2.75400 , 3 , -4572
333018.00 , 2.750 , -0.00067 , 2.74740 , 2.74673 , -3 , -4575
333181.00 , 2.750 , 0.00067 , 2.74910 , 2.74977 , 0 , -4575
333282.00 , 2.750 , -0.00067 , 2.74560 , 2.74493 , -4 , -4579
333447.00 , 2.750 , -0.00333 , 2.74690 , 2.74357 , -5 , -4584
333652.00 , 2.750 , -0.00333 , 2.75010 , 2.74677 , -2 , -4586
333776.00 , 2.750 , 0.00000 , 2.76380 , 2.76380 , 13 , -4573
334093.00 , 2.750 , 0.00000 , 2.75060 , 2.75060 , 0 , -4573
334194.00 , 2.750 , 0.00000 , 2.74630 , 2.74630 , -3 , -4576
334356.00 , 2.750 , -0.00267 , 2.75510 , 2.75243 , 2 , -4574
334480.00 , 2.750 , 0.00067 , 2.75130 , 2.75197 , 1 , -4573
334581.00 , 2.750 , -0.00067 , 2.75630 , 2.75563 , 5 , -4568
334785.00 , 2.750 , 0.00000 , 2.73430 , 2.73430 , -15 , -4583
335124.00 , 2.750 , -0.00133 , 2.75530 , 2.75397 , 4 , -4579
335290.00 , 2.750 , -0.00333 , 2.75650 , 2.75317 , 2 , -4577
335414.00 , 2.750 , -0.00067 , 2.75700 , 2.75633 , 5 , -4572
335619.00 , 2.750 , 0.00067 , 2.73850 , 2.73917 , -10 , -4582
335873.00 , 2.750 , 0.00000 , 2.75060 , 2.75060 , 1 , -4581
335974.00 , 2.750 , -0.00133 , 2.75290 , 2.75157 , 1 , -4580
336074.00 , 2.750 , -0.00133 , 2.75970 , 2.75837 , 7 , -4573
336311.00 , 2.750 , -0.00133 , 2.74120 , 2.73987 , -10 , -4583
336565.00 , 2.750 , -0.00133 , 2.75910 , 2.75777 , 8 , -4575
336793.00 , 2.750 , -0.00200 , 2.74410 , 2.74210 , -8 , -4583
337021.00 , 2.750 , -0.00267 , 2.75630 , 2.75363 , 3 , -4580
337184.00 , 2.750 , -0.00067 , 2.75830 , 2.75763 , 6 , -4574
337383.00 , 2.750 , -0.00133 , 2.75220 , 2.75087 , 0 , -4574
337484.00 , 2.750 , -0.00067 , 2.76180 , 2.76113 , 10 , -4564
337737.00 , 2.750 , 0.00000 , 2.72440 , 2.72440 , -25 , -4589
338168.00 , 2.750 , 0.00067 , 2.75850 , 2.75917 , 10 , -4579
338422.00 , 2.750 , -0.00200 , 2.74410 , 2.74210 , -7 , -4586
338660.00 , 2.750 , 0.00067 , 2.76480 , 2.76547 , 15 , -4571
338999.00 , 2.750 , -0.00067 , 2.74340 , 2.74273 , -7 , -4578
339237.00 , 2.750 , -0.00400 , 2.74710 , 2.74310 , -6 , -4584
339436.00 , 2.750 , -0.00133 , 2.74810 , 2.74677 , -2 , -4586
339560.00 , 2.750 , -0.00067 , 2.76090 , 2.76023 , 9 , -4577
339827.00 , 2.750 , 0.00267 , 2.75800 , 2.76067 , 9 , -4568
340094.00 , 2.750 , 0.00200 , 2.73570 , 2.73770 , -12 , -4580
340372.00 , 2.750 , 0.00067 , 2.75130 , 2.75197 , 2 , -4578
340496.00 , 2.750 , -0.00067 , 2.74840 , 2.74773 , -2 , -4580
340620.00 , 2.750 , 0.00000 , 2.75130 , 2.75130 , 1 , -4579
340721.00 , 2.750 , -0.00133 , 2.74940 , 2.74807 , -1 , -4580
340821.00 , 2.750 , -0.00133 , 2.75600 , 2.75467 , 4 , -4576
340986.00 , 2.750 , 0.00000 , 2.75830 , 2.75830 , 7 , -4569
341224.00 , 2.750 , -0.00067 , 2.74010 , 2.73943 , -10 , -4579
341478.00 , 2.750 , 0.00000 , 2.74970 , 2.74970 , 0 , -4579
341579.00 , 2.750 , -0.00267 , 2.75510 , 2.75243 , 2 , -4577
341702.00 , 2.750 , -0.00200 , 2.74820 , 2.74620 , -3 , -4580
341865.00 , 2.750 , 0.00000 , 2.75760 , 2.75760 , 7 , -4573
342103.00 , 2.750 , -0.00067 , 2.74300 , 2.74233 , -7 , -4580
342341.00 , 2.750 , -0.00133 , 2.76130 , 2.75997 , 10 , -4570
342595.00 , 2.750 , -0.00400 , 2.74650 , 2.74250 , -7 , -4577
342833.00 , 2.750 , 0.00133 , 2.74140 , 2.74273 , -6 , -4583
343032.00 , 2.750 , 0.00000 , 2.74940 , 2.74940 , 0 , -4583
343133.00 , 2.750 , -0.00267 , 2.74940 , 2.74673 , -2 , -4585
343256.00 , 2.750 , 0.00000 , 2.75810 , 2.75810 , 7 , -4578
343494.00 , 2.750 , -0.00067 , 2.75800 , 2.75733 , 6 , -4572
343693.00 , 2.750 , -0.00267 , 2.76040 , 2.75773 , 7 , -4565
343931.00 , 2.750 , 0.00133 , 2.73250 , 2.73383 , -16 , -4581
344251.00 , 2.750 , -0.00200 , 2.74910 , 2.74710 , -1 , -4582
344352.00 , 2.750 , -0.00200 , 2.74800 , 2.74600 , -3 , -4585
344514.00 , 2.750 , 0.00000 , 2.75760 , 2.75760 , 7 , -4578
344752.00 , 2.750 , 0.00000 , 2.74860 , 2.74860 , -1 , -4579
344853.00 , 2.750 , -0.00200 , 2.75570 , 2.75370 , 3 , -4576
345015.00 , 2.750 , -0.00133 , 2.74530 , 2.74397 , -6 , -4582
345214.00 , 2.750 , 0.00067 , 2.75670 , 2.75737 , 7 , -4575
345452.00 , 2.750 , 0.00000 , 2.74640 , 2.74640 , -3 , -4578
345615.00 , 2.750 , 0.00133 , 2.74840 , 2.74973 , 0 , -4578
345716.00 , 2.750 , -0.00267 , 2.75060 , 2.74793 , -1 , -4579
345816.00 , 2.750 , -0.00133 , 2.74370 , 2.74237 , -7 , -4586
346053.00 , 2.750 , -0.00267 , 2.75680 , 2.75413 , 4 , -4582
346219.00 , 2.750 , 0.00067 , 2.76030 , 2.76097 , 10 , -4572
346473.00 , 2.750 , -0.00200 , 2.74110 , 2.73910 , -10 , -4582
346727.00 , 2.750 , -0.00333 , 2.75590 , 2.75257 , 3 , -4579
346890.00 , 2.750 , -0.00400 , 2.75940 , 2.75540 , 5 , -4574
347095.00 , 2.750 , -0.00067 , 2.75770 , 2.75703 , 6 , -4568
347294.00 , 2.750 , 0.00000 , 2.73660 , 2.73660 , -13 , -4581
347611.00 , 2.750 , 0.00000 , 2.75100 , 2.75100 , 1 , -4580
347712.00 , 2.750 , -0.00133 , 2.75540 , 2.75407 , 3 , -4577
347874.00 , 2.750 , -0.00400 , 2.76320 , 2.75920 , 8 , -4569
348102.00 , 2.750 , -0.00133 , 2.74540 , 2.74407 , -6 , -4575
348301.00 , 2.750 , -0.00333 , 2.73920 , 2.73587 , -13 , -4588
348618.00 , 2.750 , -0.00067 , 2.76120 , 2.76053 , 10 , -4578
348872.00 , 2.750 , -0.00067 , 2.76840 , 2.76773 , 16 , -4562
349192.00 , 2.750 , -0.00133 , 2.72440 , 2.72307 , -26 , -4588
349600.00 , 2.750 , -0.00067 , 2.75280 , 2.75213 , 3 , -4585
349763.00 , 2.750 , -0.00200 , 2.75810 , 2.75610 , 5 , -4580
349968.00 , 2.750 , -0.00067 , 2.75690 , 2.75623 , 5 , -4575
350173.00 , 2.750 , 0.00000 , 2.74990 , 2.74990 , 0 , -4575
350274.00 , 2.750 , -0.00267 , 2.74860 , 2.74593 , -3 , -4578
350436.00 , 2.750 , -0.00133 , 2.74760 , 2.74627 , -3 , -4581
350599.00 , 2.750 , 0.00000 , 2.74770 , 2.74770 , -2 , -4583
350723.00 , 2.750 , 0.00067 , 2.75060 , 2.75127 , 1 , -4582
350824.00 , 2.750 , 0.00000 , 2.75610 , 2.75610 , 5 , -4577
351028.00 , 2.750 , -0.00067 , 2.74880 , 2.74813 , -2 , -4579
351152.00 , 2.750 , 0.00000 , 2.76540 , 2.76540 , 14 , -4565
351452.00 , 2.750 , -0.00067 , 2.73240 , 2.73173 , -18 , -4583
351791.00 , 2.750 , 0.00000 , 2.75420 , 2.75420 , 5 , -4578
351996.00 , 2.750 , 0.00267 , 2.75580 , 2.75847 , 7 , -4571
352234.00 , 2.750 , 0.00000 , 2.74550 , 2.74550 , -4 , -4575
352400.00 , 2.750 , 0.00000 , 2.73890 , 2.73890 , -10 , -4585
352654.00 , 2.750 , -0.00133 , 2.75370 , 2.75237 , 3 , -4582
352817.00 , 2.750 , -0.00067 , 2.75800 , 2.75733 , 6 , -4576
353016.00 , 2.750 , 0.00067 , 2.74530 , 2.74597 , -4 , -4580
353182.00 , 2.750 , -0.00067 , 2.74990 , 2.74923 , 0 , -4580
353283.00 , 2.750 , -0.00067 , 2.75500 , 2.75433 , 4 , -4576
353448.00 , 2.750 , -0.00200 , 2.74980 , 2.74780 , -2 , -4578
353572.00 , 2.750 , -0.00200 , 2.75320 , 2.75120 , 1 , -4577
353673.00 , 2.750 , 0.00000 , 2.76060 , 2.76060 , 9 , -4568
353939.00 , 2.750 , -0.00133 , 2.74440 , 2.74307 , -7 , -4575
354177.00 , 2.750 , -0.00200 , 2.73830 , 2.73630 , -12 , -4587
354455.00 , 2.750 , -0.00200 , 2.75070 , 2.74870 , 0 , -4587
354556.00 , 2.750 , -0.00133 , 2.76270 , 2.76137 , 10 , -4577
354809.00 , 2.750 , 0.00000 , 2.74690 , 2.74690 , -3 , -4580
354972.00 , 2.750 , 0.00000 , 2.75270 , 2.75270 , 2 , -4578
355096.00 , 2.750 , -0.00333 , 2.75540 , 2.75207 , 2 , -4576
355220.00 , 2.750 , -0.00200 , 2.74830 , 2.74630 , -3 , -4579
355383.00 , 2.750 , -0.00067 , 2.75570 , 2.75503 , 4 , -4575
355549.00 , 2.750 , -0.00133 , 2.75540 , 2.75407 , 3 , -4572
355712.00 , 2.750 , -0.00200 , 2.74290 , 2.74090 , -8 , -4580
355940.00 , 2.750 , -0.00133 , 2.74910 , 2.74777 , -1 , -4581
356041.00 , 2.750 , 0.00200 , 2.75240 , 2.75440 , 4 , -4577
356206.00 , 2.750 , -0.00133 , 2.75570 , 2.75437 , 4 , -4573
356372.00 , 2.750 , 0.00133 , 2.73900 , 2.74033 , -9 , -4582
356639.00 , 2.750 , 0.00000 , 2.75120 , 2.75120 , 1 , -4581
356740.00 , 2.750 , 0.00000 , 2.75380 , 2.75380 , 3 , -4578
356902.00 , 2.750 , -0.00267 , 2.74990 , 2.74723 , -2 , -4580
357026.00 , 2.750 , -0.00133 , 2.76230 , 2.76097 , 10 , -4570
357280.00 , 2.750 , -0.00067 , 2.75040 , 2.74973 , 0 , -4570
357381.00 , 2.750 , -0.00333 , 2.75330 , 2.74997 , 0 , -4570
357481.00 , 2.750 , -0.00067 , 2.74860 , 2.74793 , -2 , -4572
357604.00 , 2.750 , -0.00200 , 2.74400 , 2.74200 , -7 , -4579
357842.00 , 2.750 , -0.00133 , 2.74660 , 2.74527 , -4 , -4583
358008.00 , 2.750 , 0.00067 , 2.75220 , 2.75287 , 2 , -4581
358132.00 , 2.750 , -0.00200 , 2.75670 , 2.75470 , 4 , -4577
358298.00 , 2.750 , 0.00133 , 2.74750 , 2.74883 , -1 , -4578
358399.00 , 2.750 , -0.00067 , 2.75230 , 2.75163 , 1 , -4577
358499.00 , 2.750 , -0.00200 , 2.74730 , 2.74530 , -4 , -4581
358664.00 , 2.750 , -0.00067 , 2.75930 , 2.75863 , 8 , -4573
358892.00 , 2.750 , -0.00267 , 2.74620 , 2.74353 , -6 , -4579
359091.00 , 2.750 , 0.00000 , 2.75250 , 2.75250 , 2 , -4577
359215.00 , 2.750 , 0.00000 , 2.75650 , 2.75650 , 6 , -4571
359414.00 , 2.750 , -0.00200 , 2.75790 , 2.75590 , 5 , -4566
359619.00 , 2.750 , -0.00400 , 2.73000 , 2.72600 , -23 , -4589
bigTargetFlow = 17.50
currentBigFlowRateForMotor = 0.00
error = 17.50
controlEffort = -350
newPosition = -350
0.00
new currentBigFlowRateForMotor = 1.25
new error = 16.25
bigTargetFlow = 17.50
currentBigFlowRateForMotor = 1.34
error = 16.25
controlEffort = -296
newPosition = -646
1.34
new currentBigFlowRateForMotor = 27.74
new error = -10.24
bigTargetFlow = 17.50
currentBigFlowRateForMotor = 27.73
error = -10.24
controlEffort = 732
newPosition = 86
27.73
86
Crash Course detected!...Motor stopped.
Closing Motors to Restart
Motors closed. Returning to Setup.
çCode start.
***
***
***
MAKE SURE ALL VALVES ARE CLOSED!!!!!!
Type 'on' to start the script...
çCode start.
***
***
***
MAKE SURE ALL VALVES ARE CLOSED!!!!!!
Type 'on' to start the script...
Invalid command. Please type 'on' to start the script.
Script started.
INPUT GAINS FOR SMALL VALVE

Input KpS

Waiting for Input
New constant:900.00

Input KiS

Waiting for Input
New constant:0.03

Input KdS

Waiting for Input
New constant:6.00

INPUT GAINS FOR BIG VALVE

Input KpB

Waiting for Input
New constant:60.00

Input KiB

Waiting for Input
New constant:0.00

Input KdB

Waiting for Input
New constant:2.00


Input your flow pattern.

Flow rates in SLPM, duration in minutes.

Flow patterns should be of the form [flow rate 1 , duration 1 ; flow rate 2 , duration 2 ; .... ; flow rate n , duration n].

All parameters must be valid numbers. Spaces around , and ; are optional.

You inputted the following flow pattern: [
data_begin
time_ms , set_point , flow_3300 , flow_3400 , total , control_effort , new_goal_position
FAILURE TO MATCH TIME AT 0 ms, CLOSING VALVES
Closing Motors to Restart
Motors closed. Returning to Setup.
¸Code start.
ªCode start.
***
***
***
MAKE SURE ALL VALVES ARE CLOSED!!!!!!
Type 'on' to start the script...
Script started.
INPUT GAINS FOR SMALL VALVE

Input KpS

Waiting for Input
New constant:0.00

Input KiS

Waiting for Input
õCode start.
***
***
***
MAKE SURE ALL VALVES ARE CLOSED!!!!!!
Type 'on' to start the script...
Script started.
INPUT GAINS FOR SMALL VALVE

Input KpS

Waiting for Input
