time_ms , set_point , flow_3300 , flow_3400 , total , control_effort , new_goal_position
0.00 , 100.000000 , 86.370003 , 0.005200 , 86.375206 , -12262 , -12262
12869.00 , 100.000000 , 86.468674 , 12.120003 , 98.588676 , -301 , -12563
13567.00 , 100.000000 , 86.715324 , 12.555698 , 99.271027 , -622 , -13185
14527.00 , 100.000000 , 86.388000 , 13.261204 , 99.649200 , -260 , -13445
15164.00 , 100.000000 , 86.686676 , 13.558198 , 100.244873 , 243 , -13202
15799.00 , 100.000000 , 86.838661 , 13.201302 , 100.039963 , 6 , -13196
15944.00 , 100.000000 , 86.837997 , 13.235898 , 100.073898 , 68 , -13128
16296.00 , 100.000000 , 86.820671 , 13.112899 , 99.933571 , -70 , -13198
16651.00 , 100.000000 , 86.106667 , 13.276100 , 99.382767 , -543 , -13741
17567.00 , 100.000000 , 86.620674 , 14.016501 , 100.637177 , 631 , -13110
18550.00 , 100.000000 , 85.994667 , 13.162699 , 99.157364 , -827 , -13937
19666.00 , 100.000000 , 87.529984 , 14.240000 , 101.769981 , 1678 , -12259
21209.00 , 100.000000 , 86.183990 , 12.045000 , 98.228989 , -1770 , -14029
22793.00 , 100.000000 , 85.726006 , 14.469898 , 100.195908 , 369 , -13660
23560.00 , 100.000000 , 86.521996 , 13.875300 , 100.397293 , 309 , -13351
24268.00 , 100.000000 , 87.051315 , 13.556201 , 100.607513 , 520 , -12831
25149.00 , 100.000000 , 87.367996 , 12.800900 , 100.168900 , 90 , -12741
25545.00 , 100.000000 , 85.903328 , 12.735900 , 98.639229 , -1230 , -13971
26873.00 , 100.000000 , 86.517998 , 14.257298 , 100.775299 , 818 , -13153
27966.00 , 100.000000 , 86.515350 , 13.191999 , 99.707352 , -349 , -13502
28714.00 , 100.000000 , 86.641335 , 13.670001 , 100.311333 , 317 , -13185
29430.00 , 100.000000 , 86.823334 , 13.256199 , 100.079529 , 37 , -13148
29718.00 , 100.000000 , 87.118675 , 13.196098 , 100.314774 , 277 , -12871
30391.00 , 100.000000 , 87.444656 , 12.876900 , 100.321556 , 263 , -12608
31049.00 , 100.000000 , 86.364647 , 12.528302 , 98.892952 , -1025 , -13633
32283.00 , 100.000000 , 86.617996 , 13.805499 , 100.423492 , 482 , -13151
33134.00 , 100.000000 , 86.529320 , 13.180000 , 99.709320 , -312 , -13463
33827.00 , 100.000000 , 87.409988 , 13.631500 , 101.041489 , 972 , -12491
35014.00 , 100.000000 , 86.983353 , 12.374900 , 99.358253 , -678 , -13169
36014.00 , 100.000000 , 85.495323 , 13.305401 , 98.800720 , -1005 , -14174
37236.00 , 100.000000 , 87.042000 , 14.640899 , 101.682899 , 1620 , -12554
38754.00 , 100.000000 , 85.996658 , 12.517500 , 98.514160 , -1507 , -14061
40237.00 , 100.000000 , 87.199997 , 14.483099 , 101.683098 , 1671 , -12390
41794.00 , 100.000000 , 86.691338 , 12.278999 , 98.970337 , -1103 , -13493
43072.00 , 100.000000 , 86.245995 , 13.662200 , 99.908195 , 27 , -13466
43328.00 , 100.000000 , 86.536682 , 13.671101 , 100.207779 , 186 , -13280
43875.00 , 100.000000 , 86.729340 , 13.389200 , 100.118538 , 83 , -13197
44272.00 , 100.000000 , 87.411331 , 13.243700 , 100.655029 , 577 , -12620
45215.00 , 100.000000 , 87.351990 , 12.578000 , 99.929993 , -117 , -12737
45675.00 , 100.000000 , 87.053322 , 12.772800 , 99.826126 , -141 , -12878
46174.00 , 100.000000 , 87.641998 , 12.878101 , 100.520096 , 475 , -12403
47035.00 , 100.000000 , 87.275345 , 12.334701 , 99.610046 , -395 , -12798
47826.00 , 100.000000 , 86.172020 , 12.796599 , 98.968620 , -892 , -13690
48965.00 , 100.000000 , 86.540665 , 13.944599 , 100.485260 , 527 , -13163
49869.00 , 100.000000 , 87.386009 , 13.266904 , 100.652916 , 532 , -12631
50760.00 , 100.000000 , 86.609337 , 12.625099 , 99.234436 , -741 , -13372
51819.00 , 100.000000 , 88.054665 , 13.562399 , 101.617065 , 1529 , -11843
53312.00 , 100.000000 , 87.358665 , 11.629699 , 98.988365 , -1065 , -12908
54569.00 , 100.000000 , 86.615997 , 12.939000 , 99.555000 , -296 , -13204
55247.00 , 100.000000 , 86.375336 , 13.276399 , 99.651733 , -287 , -13491
55930.00 , 100.000000 , 86.952003 , 13.739398 , 100.691399 , 658 , -12833
56915.00 , 100.000000 , 87.661331 , 12.880701 , 100.542030 , 418 , -12415
57711.00 , 100.000000 , 86.577324 , 12.379699 , 98.957024 , -979 , -13394
58918.00 , 100.000000 , 86.377335 , 13.571101 , 99.948433 , 48 , -13346
59222.00 , 100.000000 , 86.426666 , 13.529198 , 99.955864 , -43 , -13389
59527.00 , 100.000000 , 86.954666 , 13.566301 , 100.520966 , 471 , -12918
60385.00 , 100.000000 , 86.040680 , 12.978502 , 99.019180 , -930 , -13848
61547.00 , 100.000000 , 87.262672 , 14.124301 , 101.386971 , 1339 , -12509
62948.00 , 100.000000 , 87.504669 , 12.402501 , 99.907173 , -222 , -12731
63542.00 , 100.000000 , 86.709999 , 12.748599 , 99.458595 , -460 , -13191
64373.00 , 100.000000 , 86.414658 , 13.329000 , 99.743660 , -185 , -13376
64935.00 , 100.000000 , 87.143341 , 13.525196 , 100.668533 , 616 , -12760
65890.00 , 100.000000 , 87.773331 , 12.747899 , 100.521233 , 406 , -12354
66675.00 , 100.000000 , 88.127312 , 12.281802 , 100.409111 , 330 , -12024
67388.00 , 100.000000 , 87.168671 , 11.820700 , 98.989372 , -947 , -12971
68576.00 , 100.000000 , 86.091347 , 12.980300 , 99.071648 , -743 , -13714
69637.00 , 100.000000 , 86.259338 , 14.023700 , 100.283035 , 337 , -13377
70373.00 , 100.000000 , 86.081993 , 13.515800 , 99.597794 , -403 , -13780
71172.00 , 100.000000 , 86.716667 , 14.021498 , 100.738167 , 704 , -13076
72189.00 , 100.000000 , 86.340668 , 13.117997 , 99.458664 , -560 , -13636
73101.00 , 100.000000 , 85.979340 , 13.868499 , 99.847839 , -77 , -13713
73487.00 , 100.000000 , 86.762657 , 13.898899 , 100.661560 , 597 , -13116
74445.00 , 100.000000 , 86.170677 , 13.264900 , 99.435577 , -559 , -13675
75374.00 , 100.000000 , 87.091331 , 13.965102 , 101.056435 , 1006 , -12669
76581.00 , 100.000000 , 87.373322 , 12.673000 , 100.046326 , -62 , -12731
76918.00 , 100.000000 , 87.697990 , 12.752702 , 100.450691 , 411 , -12320
77724.00 , 100.000000 , 86.184662 , 12.217899 , 98.402557 , -1481 , -13801
79194.00 , 100.000000 , 87.284660 , 14.085197 , 101.369858 , 1381 , -12420
80616.00 , 100.000000 , 86.795334 , 12.370199 , 99.165535 , -889 , -13309
81770.00 , 100.000000 , 86.830673 , 13.446400 , 100.277069 , 334 , -12975
82487.00 , 100.000000 , 87.091995 , 13.079700 , 100.171692 , 124 , -12851
82943.00 , 100.000000 , 86.463341 , 12.872800 , 99.336143 , -614 , -13465
83896.00 , 100.000000 , 87.267990 , 13.662301 , 100.930290 , 899 , -12566
85055.00 , 100.000000 , 85.974014 , 12.521301 , 98.495316 , -1446 , -14012
86492.00 , 100.000000 , 86.610008 , 14.383799 , 100.993805 , 1042 , -12970
87719.00 , 100.000000 , 87.399994 , 12.989200 , 100.389191 , 237 , -12733
88347.00 , 100.000000 , 86.411316 , 12.718300 , 99.129616 , -805 , -13538
89449.00 , 100.000000 , 86.699989 , 13.759901 , 100.459892 , 496 , -13042
90310.00 , 100.000000 , 86.073997 , 13.090499 , 99.164497 , -806 , -13848
91395.00 , 100.000000 , 85.837334 , 14.182102 , 100.019440 , 103 , -13745
91831.00 , 100.000000 , 88.367317 , 14.018798 , 102.386116 , 2133 , -11612
93582.00 , 100.000000 , 88.187988 , 11.443901 , 99.631889 , -538 , -12150
94478.00 , 100.000000 , 87.393341 , 12.116499 , 99.509842 , -388 , -12538
95246.00 , 100.000000 , 86.625320 , 12.511103 , 99.136421 , -746 , -13284
96292.00 , 100.000000 , 86.542664 , 13.410998 , 99.953659 , 29 , -13255
96554.00 , 100.000000 , 86.928650 , 13.367901 , 100.296555 , 262 , -12993
97194.00 , 100.000000 , 85.779999 , 13.038998 , 98.819000 , -1090 , -14083
98448.00 , 100.000000 , 86.474007 , 14.517200 , 100.991211 , 1009 , -13074
99673.00 , 100.000000 , 87.093987 , 13.154401 , 100.248390 , 113 , -12961
100127.00 , 100.000000 , 85.980003 , 13.091599 , 99.071602 , -841 , -13802
101251.00 , 100.000000 , 86.567337 , 14.133998 , 100.701332 , 713 , -13089
102292.00 , 100.000000 , 86.115334 , 13.239202 , 99.354538 , -653 , -13742
103290.00 , 100.000000 , 87.092674 , 13.971703 , 101.064377 , 1015 , -12727
104518.00 , 100.000000 , 86.005997 , 12.723202 , 98.729202 , -1244 , -13971
105853.00 , 100.000000 , 86.883339 , 14.376500 , 101.259842 , 1265 , -12706
107217.00 , 100.000000 , 86.685341 , 12.709101 , 99.394440 , -679 , -13385
108234.00 , 100.000000 , 86.608017 , 13.539798 , 100.147812 , 198 , -13187
108797.00 , 100.000000 , 87.607330 , 13.251699 , 100.859032 , 749 , -12438
109862.00 , 100.000000 , 87.153984 , 12.345800 , 99.499786 , -523 , -12961
110763.00 , 100.000000 , 86.630653 , 13.001400 , 99.632050 , -279 , -13240
111438.00 , 100.000000 , 86.689323 , 13.442203 , 100.131523 , 152 , -13088
111937.00 , 100.000000 , 88.442665 , 13.163800 , 101.606468 , 1422 , -11666
113362.00 , 100.000000 , 87.078682 , 11.458801 , 98.537483 , -1453 , -13119
114819.00 , 100.000000 , 86.803322 , 13.193101 , 99.996422 , 134 , -12985
115292.00 , 100.000000 , 86.221336 , 13.047800 , 99.269135 , -670 , -13655
116285.00 , 100.000000 , 85.848015 , 13.946899 , 99.794914 , -113 , -13768
116739.00 , 100.000000 , 86.706673 , 14.020700 , 100.727371 , 659 , -13109
117742.00 , 100.000000 , 86.875320 , 13.250998 , 100.126320 , 51 , -13058
118069.00 , 100.000000 , 87.352646 , 13.128501 , 100.481148 , 422 , -12636
118867.00 , 100.000000 , 87.150665 , 12.576001 , 99.726669 , -290 , -12926
119538.00 , 100.000000 , 86.103340 , 12.991399 , 99.094742 , -782 , -13708
120608.00 , 100.000000 , 86.067337 , 13.976301 , 100.043640 , 117 , -13591
121069.00 , 100.000000 , 87.190651 , 13.864200 , 101.054848 , 939 , -12652
122252.00 , 100.000000 , 85.550674 , 12.644099 , 98.194771 , -1723 , -14375
123833.00 , 100.000000 , 86.399994 , 14.914299 , 101.314293 , 1363 , -13012
125246.00 , 100.000000 , 86.868675 , 13.081302 , 99.949974 , -192 , -13204
125802.00 , 100.000000 , 87.160004 , 13.300000 , 100.460007 , 430 , -12774
126607.00 , 100.000000 , 85.869347 , 12.778703 , 98.648048 , -1259 , -14033
127968.00 , 100.000000 , 86.195320 , 14.497102 , 100.692421 , 759 , -13274
129039.00 , 100.000000 , 87.013329 , 13.421199 , 100.434525 , 304 , -12970
129725.00 , 100.000000 , 86.310677 , 13.064099 , 99.374779 , -592 , -13562
130662.00 , 100.000000 , 87.189339 , 13.841700 , 101.031036 , 989 , -12573
131876.00 , 100.000000 , 86.416008 , 12.515500 , 98.931511 , -1068 , -13641
133117.00 , 100.000000 , 86.395332 , 13.907001 , 100.302338 , 382 , -13259
133880.00 , 100.000000 , 86.319328 , 13.385802 , 99.705132 , -307 , -13566
134585.00 , 100.000000 , 86.181328 , 13.768903 , 99.950233 , -14 , -13580
134775.00 , 100.000000 , 86.969330 , 13.884499 , 100.853828 , 776 , -12804
135841.00 , 100.000000 , 85.371315 , 12.796500 , 98.167816 , -1736 , -14540
137410.00 , 100.000000 , 86.803337 , 15.112799 , 101.916138 , 1909 , -12631
139070.00 , 100.000000 , 87.500664 , 12.657798 , 100.158463 , -54 , -12685
139389.00 , 100.000000 , 86.514671 , 12.691001 , 99.205673 , -713 , -13398
140430.00 , 100.000000 , 86.019333 , 13.637501 , 99.656830 , -233 , -13631
141052.00 , 100.000000 , 87.697998 , 13.890402 , 101.588402 , 1449 , -12182
142507.00 , 100.000000 , 87.323997 , 11.983603 , 99.307602 , -776 , -12958
143573.00 , 100.000000 , 87.060661 , 12.711801 , 99.772461 , -147 , -13105
144081.00 , 100.000000 , 86.660004 , 12.923999 , 99.584000 , -358 , -13463
144821.00 , 100.000000 , 86.478661 , 13.344601 , 99.823257 , -126 , -13589
145281.00 , 100.000000 , 85.766678 , 13.671000 , 99.437675 , -480 , -14069
146130.00 , 100.000000 , 87.735329 , 14.605700 , 102.341026 , 2180 , -11889
147883.00 , 100.000000 , 86.809998 , 11.800501 , 98.610497 , -1475 , -13364
149350.00 , 100.000000 , 86.183990 , 13.564300 , 99.748291 , -86 , -13450
149738.00 , 100.000000 , 87.659988 , 13.709500 , 101.369492 , 1243 , -12207
151091.00 , 100.000000 , 85.765343 , 12.090100 , 97.855446 , -2060 , -14267
152795.00 , 100.000000 , 86.609329 , 14.765802 , 101.375130 , 1450 , -12817
154234.00 , 100.000000 , 87.689346 , 12.860099 , 100.549446 , 341 , -12476
154973.00 , 100.000000 , 87.562668 , 12.512998 , 100.075668 , 39 , -12437
155267.00 , 100.000000 , 87.161339 , 12.404200 , 99.565536 , -400 , -12837
156046.00 , 100.000000 , 87.458664 , 12.714399 , 100.173065 , 179 , -12658
156600.00 , 100.000000 , 87.957336 , 12.677801 , 100.635139 , 567 , -12091
157535.00 , 100.000000 , 87.524666 , 11.938398 , 99.463066 , -543 , -12634
158451.00 , 100.000000 , 86.492676 , 12.623301 , 99.115974 , -741 , -13375
159510.00 , 100.000000 , 86.086006 , 13.595401 , 99.681404 , -209 , -13584
160104.00 , 100.000000 , 86.108673 , 13.798001 , 99.906677 , -68 , -13652
160455.00 , 100.000000 , 86.235992 , 13.868299 , 100.104294 , 98 , -13554
160866.00 , 100.000000 , 86.522003 , 13.770399 , 100.292404 , 254 , -13300
161496.00 , 100.000000 , 87.204681 , 13.464503 , 100.669182 , 577 , -12723
162439.00 , 100.000000 , 86.395332 , 12.798899 , 99.194229 , -779 , -13502
163523.00 , 100.000000 , 85.957336 , 13.763598 , 99.720932 , -174 , -13676
164053.00 , 100.000000 , 86.660667 , 13.949601 , 100.610268 , 563 , -13113
164985.00 , 100.000000 , 87.162666 , 13.298500 , 100.461166 , 362 , -12751
165729.00 , 100.000000 , 86.778000 , 12.795004 , 99.573006 , -425 , -13176
166547.00 , 100.000000 , 86.823997 , 13.320100 , 100.144096 , 170 , -13006
167073.00 , 100.000000 , 86.749336 , 13.059600 , 99.808937 , -193 , -13199
167646.00 , 100.000000 , 87.300003 , 13.333597 , 100.633598 , 591 , -12608
168599.00 , 100.000000 , 85.888649 , 12.598398 , 98.487045 , -1421 , -14029
170041.00 , 100.000000 , 86.487328 , 14.502196 , 100.989525 , 1042 , -12987
171267.00 , 100.000000 , 87.833992 , 12.997700 , 100.831696 , 627 , -12360
172247.00 , 100.000000 , 87.289337 , 12.268702 , 99.558037 , -456 , -12816
173076.00 , 100.000000 , 87.650665 , 12.874602 , 100.525269 , 520 , -12296
173958.00 , 100.000000 , 86.600006 , 12.196798 , 98.796806 , -1137 , -13433
175254.00 , 100.000000 , 87.461334 , 13.608600 , 101.069931 , 1075 , -12358
176516.00 , 100.000000 , 87.666008 , 12.324599 , 99.990608 , -111 , -12469
176965.00 , 100.000000 , 86.275986 , 12.504601 , 98.780586 , -1083 , -13552
178232.00 , 100.000000 , 86.144669 , 13.818101 , 99.962769 , 70 , -13482
178588.00 , 100.000000 , 87.572655 , 13.603900 , 101.176552 , 1041 , -12441
179832.00 , 100.000000 , 86.877998 , 12.492702 , 99.370697 , -656 , -13097
180815.00 , 100.000000 , 88.020660 , 13.030403 , 101.051064 , 988 , -12109
182011.00 , 100.000000 , 85.764671 , 11.988997 , 97.753670 , -2105 , -14214
183751.00 , 100.000000 , 87.245995 , 14.709402 , 101.955399 , 1976 , -12238
185422.00 , 100.000000 , 87.002655 , 12.175100 , 99.177757 , -943 , -13181
186609.00 , 100.000000 , 87.292000 , 13.331199 , 100.623199 , 652 , -12529
187589.00 , 100.000000 , 86.977997 , 12.528101 , 99.506096 , -509 , -13038
188478.00 , 100.000000 , 86.859337 , 13.132001 , 99.991341 , 39 , -12999
188772.00 , 100.000000 , 86.602005 , 13.119599 , 99.721603 , -252 , -13251
189401.00 , 100.000000 , 87.035995 , 13.405901 , 100.441895 , 419 , -12832
190214.00 , 100.000000 , 87.585999 , 12.926000 , 100.512001 , 421 , -12411
191029.00 , 100.000000 , 86.826004 , 12.401698 , 99.227699 , -737 , -13148
192086.00 , 100.000000 , 87.044014 , 13.272799 , 100.316811 , 354 , -12794
192822.00 , 100.000000 , 85.548676 , 12.882900 , 98.431580 , -1443 , -14237
194274.00 , 100.000000 , 86.058662 , 14.716403 , 100.775063 , 843 , -13394
195400.00 , 100.000000 , 86.324005 , 13.538497 , 99.862503 , -218 , -13612
195988.00 , 100.000000 , 86.422676 , 13.896501 , 100.319176 , 315 , -13297
196701.00 , 100.000000 , 86.245331 , 13.525599 , 99.770927 , -236 , -13533
197311.00 , 100.000000 , 87.357330 , 13.801702 , 101.159035 , 1064 , -12469
198551.00 , 100.000000 , 86.645996 , 12.442601 , 99.088600 , -929 , -13398
199728.00 , 100.000000 , 87.323997 , 13.629002 , 100.953003 , 951 , -12447
200919.00 , 100.000000 , 87.636658 , 12.508397 , 100.145058 , 40 , -12407
201201.00 , 100.000000 , 87.111992 , 12.454001 , 99.565994 , -395 , -12802
201992.00 , 100.000000 , 87.266663 , 12.727801 , 99.994461 , 16 , -12786
202191.00 , 100.000000 , 86.710007 , 12.686799 , 99.396805 , -546 , -13332
203093.00 , 100.000000 , 85.680664 , 13.589902 , 99.270569 , -585 , -13917
204042.00 , 100.000000 , 85.881340 , 14.190902 , 100.072243 , 112 , -13805
204478.00 , 100.000000 , 86.399338 , 14.141301 , 100.540642 , 481 , -13324
205344.00 , 100.000000 , 87.085999 , 13.502101 , 100.588097 , 477 , -12847
206207.00 , 100.000000 , 87.161331 , 12.974901 , 100.136230 , 79 , -12768
206597.00 , 100.000000 , 86.405983 , 12.774301 , 99.180283 , -754 , -13522
207648.00 , 100.000000 , 86.378662 , 13.818202 , 100.196861 , 259 , -13263
208301.00 , 100.000000 , 86.986671 , 13.391597 , 100.378265 , 305 , -12958
209004.00 , 100.000000 , 86.334007 , 12.991299 , 99.325302 , -640 , -13598
209977.00 , 100.000000 , 86.391991 , 13.861102 , 100.253090 , 296 , -13302
210654.00 , 100.000000 , 86.389343 , 13.455398 , 99.844742 , -172 , -13474
211182.00 , 100.000000 , 86.566658 , 13.682400 , 100.249054 , 241 , -13233
211814.00 , 100.000000 , 86.053986 , 13.343601 , 99.397583 , -570 , -13803
212734.00 , 100.000000 , 86.722664 , 14.117300 , 100.839966 , 817 , -12986
213842.00 , 100.000000 , 86.209991 , 12.982300 , 99.192291 , -818 , -13804
214935.00 , 100.000000 , 87.016647 , 14.067102 , 101.083748 , 1061 , -12743
216190.00 , 100.000000 , 87.665329 , 12.721301 , 100.386627 , 239 , -12504
216820.00 , 100.000000 , 85.784660 , 12.554299 , 98.338959 , -1509 , -14013
218304.00 , 100.000000 , 85.711327 , 14.489301 , 100.200630 , 334 , -13679
219020.00 , 100.000000 , 87.392670 , 14.027499 , 101.420166 , 1240 , -12439
220353.00 , 100.000000 , 87.377327 , 12.445002 , 99.822327 , -287 , -12726
221037.00 , 100.000000 , 86.537994 , 12.755200 , 99.293198 , -612 , -13338
221989.00 , 100.000000 , 86.659988 , 13.552600 , 100.212585 , 254 , -13084
222620.00 , 100.000000 , 87.241325 , 13.165200 , 100.406525 , 334 , -12750
223337.00 , 100.000000 , 85.701340 , 12.719098 , 98.420441 , -1458 , -14208
224778.00 , 100.000000 , 86.509338 , 14.756098 , 101.265434 , 1301 , -12907
226160.00 , 100.000000 , 88.287331 , 12.924797 , 101.212128 , 943 , -11964
227347.00 , 100.000000 , 87.367996 , 11.865601 , 99.233597 , -775 , -12739
228428.00 , 100.000000 , 86.198006 , 12.778299 , 98.976303 , -849 , -13588
229557.00 , 100.000000 , 87.150665 , 13.844399 , 100.995064 , 980 , -12608
230749.00 , 100.000000 , 87.180000 , 12.578401 , 99.758400 , -319 , -12927
231466.00 , 100.000000 , 86.997337 , 12.946897 , 99.944237 , -21 , -12948
231699.00 , 100.000000 , 87.373337 , 12.981501 , 100.354836 , 321 , -12627
232419.00 , 100.000000 , 86.806679 , 12.635399 , 99.442078 , -530 , -13157
233309.00 , 100.000000 , 85.613342 , 13.208100 , 98.821442 , -1015 , -14172
234537.00 , 100.000000 , 86.695343 , 14.693402 , 101.388748 , 1367 , -12805
235951.00 , 100.000000 , 87.494652 , 12.737601 , 100.232254 , 51 , -12754
236278.00 , 100.000000 , 87.176659 , 12.787898 , 99.964554 , -28 , -12782
236522.00 , 100.000000 , 85.760002 , 12.850099 , 98.610100 , -1246 , -14028
237859.00 , 100.000000 , 86.027321 , 14.521703 , 100.549026 , 627 , -13401
238839.00 , 100.000000 , 86.688019 , 13.542700 , 100.230721 , 128 , -13273
239302.00 , 100.000000 , 86.636009 , 13.409399 , 100.045410 , 29 , -13244
239564.00 , 100.000000 , 86.798683 , 13.360202 , 100.158882 , 138 , -13106
240043.00 , 100.000000 , 86.236008 , 13.143102 , 99.379112 , -576 , -13682
240968.00 , 100.000000 , 87.148651 , 13.999900 , 101.148552 , 1101 , -12581
242245.00 , 100.000000 , 86.817337 , 12.668098 , 99.485435 , -570 , -13151
243166.00 , 100.000000 , 86.652679 , 13.260902 , 99.913582 , -31 , -13182
243434.00 , 100.000000 , 87.680672 , 13.355801 , 101.036469 , 939 , -12243
244618.00 , 100.000000 , 86.274002 , 12.224801 , 98.498802 , -1442 , -13685
246053.00 , 100.000000 , 86.571327 , 13.952699 , 100.524025 , 609 , -13076
247020.00 , 100.000000 , 88.324661 , 13.127100 , 101.451759 , 1239 , -11837
248370.00 , 100.000000 , 87.004013 , 11.755301 , 98.759315 , -1227 , -13064
249713.00 , 100.000000 , 87.592003 , 13.122601 , 100.714600 , 751 , -12313
250779.00 , 100.000000 , 87.168655 , 12.212100 , 99.380753 , -630 , -12943
251744.00 , 100.000000 , 86.758011 , 13.015603 , 99.773613 , -140 , -13083
252226.00 , 100.000000 , 85.881340 , 13.062901 , 98.944244 , -947 , -14030
253415.00 , 100.000000 , 86.593338 , 14.534601 , 101.127937 , 1132 , -12898
254692.00 , 100.000000 , 86.487343 , 12.985702 , 99.473045 , -598 , -13496
255634.00 , 100.000000 , 86.007332 , 13.758198 , 99.765533 , -150 , -13646
256131.00 , 100.000000 , 86.304001 , 13.942500 , 100.246498 , 235 , -13411
256756.00 , 100.000000 , 86.948662 , 13.569701 , 100.518364 , 435 , -12976
257583.00 , 100.000000 , 86.731995 , 12.998900 , 99.730896 , -288 , -13264
258252.00 , 100.000000 , 86.329338 , 13.458099 , 99.787437 , -155 , -13419
258772.00 , 100.000000 , 86.157326 , 13.642800 , 99.800125 , -165 , -13584
259307.00 , 100.000000 , 86.660667 , 13.827301 , 100.487968 , 453 , -13131
260150.00 , 100.000000 , 86.362000 , 13.194298 , 99.556297 , -450 , -13581
260974.00 , 100.000000 , 86.985313 , 13.803802 , 100.789116 , 758 , -12823
262027.00 , 100.000000 , 86.902000 , 12.900399 , 99.802399 , -250 , -13073
262654.00 , 100.000000 , 86.618011 , 13.220201 , 99.838211 , -120 , -13193
263104.00 , 100.000000 , 87.661995 , 13.356798 , 101.018791 , 927 , -12266
264281.00 , 100.000000 , 87.239998 , 12.272002 , 99.512001 , -526 , -12792
265167.00 , 100.000000 , 86.780006 , 12.710099 , 99.490105 , -424 , -13216
265968.00 , 100.000000 , 86.369316 , 13.358399 , 99.727715 , -193 , -13409
266541.00 , 100.000000 , 86.490662 , 13.570801 , 100.061462 , 71 , -13338
266914.00 , 100.000000 , 86.324669 , 13.472098 , 99.796768 , -191 , -13529
267484.00 , 100.000000 , 86.379333 , 13.753999 , 100.133331 , 141 , -13388
267983.00 , 100.000000 , 87.265999 , 13.598601 , 100.864601 , 764 , -12624
269041.00 , 100.000000 , 86.850655 , 12.585497 , 99.436150 , -589 , -13213
269993.00 , 100.000000 , 87.187325 , 13.340399 , 100.527725 , 534 , -12679
270886.00 , 100.000000 , 87.182014 , 12.719198 , 99.901215 , -139 , -12818
271381.00 , 100.000000 , 86.205345 , 12.813700 , 99.019043 , -876 , -13694
272510.00 , 100.000000 , 86.749992 , 14.002598 , 100.752594 , 771 , -12923
273589.00 , 100.000000 , 87.631325 , 12.945901 , 100.577225 , 434 , -12489
274399.00 , 100.000000 , 87.580666 , 12.532400 , 100.113068 , 67 , -12422
274764.00 , 100.000000 , 87.006683 , 12.409402 , 99.416084 , -536 , -12958
275657.00 , 100.000000 , 87.377350 , 12.897798 , 100.275146 , 285 , -12673
276339.00 , 100.000000 , 87.567322 , 12.696498 , 100.263817 , 220 , -12453
276930.00 , 100.000000 , 86.801315 , 12.506101 , 99.307419 , -639 , -13092
277919.00 , 100.000000 , 87.382675 , 13.139802 , 100.522476 , 520 , -12572
278800.00 , 100.000000 , 86.905334 , 12.579302 , 99.484634 , -509 , -13081
279688.00 , 100.000000 , 86.527351 , 13.113398 , 99.640747 , -281 , -13362
280366.00 , 100.000000 , 86.694672 , 13.596101 , 100.290771 , 299 , -13063
281063.00 , 100.000000 , 87.255997 , 13.073199 , 100.329193 , 253 , -12810
281710.00 , 100.000000 , 86.651329 , 12.854300 , 99.505630 , -463 , -13273
282560.00 , 100.000000 , 88.407341 , 13.436601 , 101.843941 , 1705 , -11568
284133.00 , 100.000000 , 86.223991 , 11.364200 , 97.588188 , -2337 , -13905
285963.00 , 100.000000 , 86.973328 , 14.156600 , 101.129929 , 1239 , -12666
287314.00 , 100.000000 , 86.754662 , 12.720403 , 99.475067 , -588 , -13254
288247.00 , 100.000000 , 85.663330 , 13.437300 , 99.100632 , -752 , -14006
289297.00 , 100.000000 , 86.066658 , 14.395602 , 100.462257 , 491 , -13515
290172.00 , 100.000000 , 87.358009 , 13.720202 , 101.078209 , 915 , -12600
291341.00 , 100.000000 , 87.168663 , 12.682801 , 99.851463 , -217 , -12817
291945.00 , 100.000000 , 86.765343 , 12.847700 , 99.613045 , -335 , -13152
292678.00 , 100.000000 , 86.948654 , 13.244801 , 100.193451 , 205 , -12947
293267.00 , 100.000000 , 86.262665 , 13.014300 , 99.276962 , -669 , -13616
294276.00 , 100.000000 , 86.384666 , 13.817600 , 100.202271 , 245 , -13371
294913.00 , 100.000000 , 86.939987 , 13.543901 , 100.483887 , 412 , -12959
295703.00 , 100.000000 , 86.892670 , 13.072701 , 99.965370 , -69 , -13028
296072.00 , 100.000000 , 86.499992 , 13.076399 , 99.576393 , -381 , -13409
296850.00 , 100.000000 , 86.844681 , 13.601703 , 100.446381 , 443 , -12966
297684.00 , 100.000000 , 87.333344 , 12.990998 , 100.324341 , 242 , -12724
298301.00 , 100.000000 , 87.114677 , 12.771399 , 99.886078 , -120 , -12844
298751.00 , 100.000000 , 87.020653 , 12.922700 , 99.943352 , -39 , -12883
299045.00 , 100.000000 , 87.201347 , 12.997201 , 100.198547 , 183 , -12700
299605.00 , 100.000000 , 86.899338 , 12.741399 , 99.640739 , -344 , -13044
300330.00 , 100.000000 , 87.012001 , 13.158497 , 100.170502 , 186 , -12858
300878.00 , 100.000000 , 87.315994 , 12.911499 , 100.227493 , 184 , -12674
301422.00 , 100.000000 , 87.765335 , 12.716999 , 100.482330 , 417 , -12257
302233.00 , 100.000000 , 87.095329 , 12.227300 , 99.322632 , -649 , -12906
303229.00 , 100.000000 , 86.606659 , 12.834199 , 99.440857 , -455 , -13361
304074.00 , 100.000000 , 85.288010 , 13.485002 , 98.773010 , -1053 , -14414
305323.00 , 100.000000 , 86.430664 , 14.997499 , 101.428162 , 1405 , -13009
306757.00 , 100.000000 , 88.058670 , 13.015000 , 101.073669 , 806 , -12203
307842.00 , 100.000000 , 86.728668 , 12.176600 , 98.905266 , -1053 , -13256
309092.00 , 100.000000 , 87.280670 , 13.403500 , 100.684174 , 713 , -12543
310133.00 , 100.000000 , 86.757988 , 12.504498 , 99.262489 , -736 , -13279
311171.00 , 100.000000 , 86.364006 , 13.426300 , 99.790306 , -115 , -13394
311628.00 , 100.000000 , 85.748001 , 13.647301 , 99.395302 , -527 , -13921
312532.00 , 100.000000 , 86.204002 , 14.260001 , 100.464005 , 465 , -13456
313385.00 , 100.000000 , 86.367317 , 13.597503 , 99.964821 , -85 , -13541
313787.00 , 100.000000 , 87.324013 , 13.751300 , 101.075310 , 979 , -12562
314995.00 , 100.000000 , 87.265984 , 12.574800 , 99.840782 , -238 , -12800
315608.00 , 100.000000 , 86.594658 , 12.801600 , 99.396255 , -526 , -13326
316494.00 , 100.000000 , 87.723991 , 13.499901 , 101.223892 , 1156 , -12170
317784.00 , 100.000000 , 87.707321 , 12.081603 , 99.788925 , -304 , -12474
318470.00 , 100.000000 , 87.369987 , 12.506701 , 99.876686 , -77 , -12551
318856.00 , 100.000000 , 86.803993 , 12.564901 , 99.368896 , -564 , -13115
319772.00 , 100.000000 , 87.617996 , 13.133898 , 100.751892 , 721 , -12394
320818.00 , 100.000000 , 86.388000 , 12.354898 , 98.742897 , -1194 , -13588
322128.00 , 100.000000 , 86.604012 , 13.859198 , 100.463211 , 536 , -13052
323022.00 , 100.000000 , 87.353340 , 13.147099 , 100.500443 , 392 , -12660
323794.00 , 100.000000 , 86.228004 , 12.665701 , 98.893707 , -1034 , -13694
325017.00 , 100.000000 , 86.886009 , 13.945003 , 100.831009 , 849 , -12845
326145.00 , 100.000000 , 85.864647 , 12.925201 , 98.789848 , -1171 , -14016
327460.00 , 100.000000 , 86.280663 , 14.474002 , 100.754662 , 802 , -13214
328543.00 , 100.000000 , 87.222664 , 13.347101 , 100.569763 , 421 , -12793
329358.00 , 100.000000 , 86.658661 , 12.799000 , 99.457657 , -532 , -13325
330249.00 , 100.000000 , 87.126678 , 13.514700 , 100.641380 , 633 , -12692
331233.00 , 100.000000 , 86.465996 , 12.683201 , 99.149200 , -833 , -13525
332352.00 , 100.000000 , 86.357315 , 13.751199 , 100.108513 , 182 , -13343
332894.00 , 100.000000 , 87.362679 , 13.409301 , 100.771980 , 666 , -12677
333885.00 , 100.000000 , 86.727325 , 12.642700 , 99.370026 , -629 , -13306
334866.00 , 100.000000 , 86.936653 , 13.451302 , 100.387955 , 413 , -12893
335674.00 , 100.000000 , 86.395340 , 12.903399 , 99.298737 , -675 , -13568
336687.00 , 100.000000 , 86.927986 , 13.792100 , 100.720085 , 718 , -12850
337714.00 , 100.000000 , 86.727341 , 12.938098 , 99.665436 , -370 , -13220
338466.00 , 100.000000 , 86.553329 , 13.387199 , 99.940529 , -18 , -13238
338672.00 , 100.000000 , 86.294006 , 13.373700 , 99.667709 , -300 , -13538
339354.00 , 100.000000 , 86.394669 , 13.800299 , 100.194969 , 208 , -13330
339930.00 , 100.000000 , 86.875343 , 13.499600 , 100.374947 , 312 , -13018
340624.00 , 100.000000 , 86.910011 , 13.151798 , 100.061813 , 27 , -12991
340880.00 , 100.000000 , 86.836662 , 13.086699 , 99.923363 , -74 , -13065
341244.00 , 100.000000 , 86.627998 , 13.209099 , 99.837097 , -137 , -13202
341736.00 , 100.000000 , 87.883995 , 13.385299 , 101.269295 , 1155 , -12047
343042.00 , 100.000000 , 86.540009 , 11.979198 , 98.519211 , -1445 , -13492
344495.00 , 100.000000 , 86.920662 , 13.779000 , 100.699661 , 772 , -12720
345558.00 , 100.000000 , 86.307335 , 12.722800 , 99.030136 , -958 , -13678
346737.00 , 100.000000 , 86.566681 , 13.934000 , 100.500679 , 546 , -13132
347638.00 , 100.000000 , 87.667992 , 13.229598 , 100.897591 , 750 , -12382
348687.00 , 100.000000 , 87.012001 , 12.347503 , 99.359505 , -647 , -13029
349680.00 , 100.000000 , 86.037323 , 13.007800 , 99.045120 , -807 , -13836
350783.00 , 100.000000 , 86.882668 , 14.197399 , 101.080063 , 1066 , -12770
352024.00 , 100.000000 , 87.089348 , 12.754502 , 99.843849 , -256 , -13026
352657.00 , 100.000000 , 86.708008 , 13.155401 , 99.863411 , -91 , -13117
353070.00 , 100.000000 , 86.912018 , 13.213400 , 100.125420 , 116 , -13001
353513.00 , 100.000000 , 87.526009 , 13.055997 , 100.582008 , 510 , -12491
354387.00 , 100.000000 , 86.730675 , 12.463700 , 99.194374 , -773 , -13264
355467.00 , 100.000000 , 87.287331 , 13.454899 , 100.742233 , 746 , -12518
356512.00 , 100.000000 , 87.148010 , 12.583399 , 99.731407 , -312 , -12830
357206.00 , 100.000000 , 86.515343 , 12.897003 , 99.412346 , -504 , -13334
358075.00 , 100.000000 , 86.212006 , 13.506702 , 99.718704 , -205 , -13539
358663.00 , 100.000000 , 87.071320 , 13.755499 , 100.826820 , 763 , -12776
359736.00 , 100.000000 , 87.365334 , 12.784101 , 100.149437 , 56 , -12720