time_ms , sensor , currpos , mflow
27139 , s , -400 , 0.005000
27189 , s , -400 , 0.004400
27239 , s , -400 , 0.004500
27289 , s , -400 , 0.004600
27339 , s , -400 , 0.004100
27389 , s , -400 , 0.005000
27439 , s , -400 , 0.004700
27489 , s , -400 , 0.004200
27539 , s , -400 , 0.005200
27589 , s , -400 , 0.004400
27639 , s , -400 , 0.004400
27689 , s , -400 , 0.004700
27739 , s , -400 , 0.004800
27789 , s , -400 , 0.004600
27839 , s , -400 , 0.004200
27889 , s , -400 , 0.005000
27939 , s , -400 , 0.004600
27989 , s , -400 , 0.004600
28039 , s , -400 , 0.004600
28089 , s , -400 , 0.004300
28139 , s , -400 , 0.004700
28189 , s , -400 , 0.004800
28239 , s , -400 , 0.004400
28289 , s , -400 , 0.004600
28339 , s , -400 , 0.004600
28389 , s , -400 , 0.004600
28439 , s , -400 , 0.004700
28489 , s , -400 , 0.004500
28539 , s , -400 , 0.004700
28589 , s , -400 , 0.004500
28639 , s , -400 , 0.005200
28689 , s , -400 , 0.004400
28739 , s , -400 , 0.004700
28789 , s , -400 , 0.004500
28839 , s , -400 , 0.004600
28889 , s , -400 , 0.004700
28939 , s , -400 , 0.004800
28989 , s , -400 , 0.004800
29039 , s , -400 , 0.004400
29089 , s , -400 , 0.004200
29139 , s , -400 , 0.005000
29868 , s , -800 , 0.025000
29918 , s , -800 , 0.024900
29968 , s , -800 , 0.024700
30018 , s , -800 , 0.025000
30068 , s , -800 , 0.024600
30118 , s , -800 , 0.024500
30168 , s , -800 , 0.025000
30218 , s , -800 , 0.024300
30268 , s , -800 , 0.024500
30318 , s , -800 , 0.024700
30368 , s , -800 , 0.024500
30418 , s , -800 , 0.024700
30468 , s , -800 , 0.024600
30518 , s , -800 , 0.024800
30568 , s , -800 , 0.024800
30618 , s , -800 , 0.024800
30668 , s , -800 , 0.024900
30718 , s , -800 , 0.024400
30768 , s , -800 , 0.024700
30818 , s , -800 , 0.024600
30868 , s , -800 , 0.025300
30918 , s , -800 , 0.024900
30968 , s , -800 , 0.024900
31018 , s , -800 , 0.024700
31068 , s , -800 , 0.024600
31118 , s , -800 , 0.024200
31168 , s , -800 , 0.024800
31218 , s , -800 , 0.024600
31268 , s , -800 , 0.024300
31318 , s , -800 , 0.024600
31368 , s , -800 , 0.024700
31418 , s , -800 , 0.024800
31468 , s , -800 , 0.024500
31518 , s , -800 , 0.024900
31568 , s , -800 , 0.025000
31618 , s , -800 , 0.025100
31668 , s , -800 , 0.024400
31718 , s , -800 , 0.024500
31768 , s , -800 , 0.024500
31818 , s , -800 , 0.024600
31868 , s , -800 , 0.024500
32597 , s , -1200 , 0.195500
32647 , s , -1200 , 0.195300
32697 , s , -1200 , 0.195400
32747 , s , -1200 , 0.195100
32797 , s , -1200 , 0.195300
32847 , s , -1200 , 0.195400
32897 , s , -1200 , 0.194700
32947 , s , -1200 , 0.194700
32997 , s , -1200 , 0.195000
33047 , s , -1200 , 0.194700
33097 , s , -1200 , 0.194900
33147 , s , -1200 , 0.195000
33197 , s , -1200 , 0.194700
33247 , s , -1200 , 0.193900
33297 , s , -1200 , 0.194100
33347 , s , -1200 , 0.194400
33397 , s , -1200 , 0.194400
33447 , s , -1200 , 0.194300
33497 , s , -1200 , 0.194700
33547 , s , -1200 , 0.194400
33597 , s , -1200 , 0.194100
33647 , s , -1200 , 0.194100
33697 , s , -1200 , 0.194500
33747 , s , -1200 , 0.194300
33797 , s , -1200 , 0.194100
33847 , s , -1200 , 0.194300
33897 , s , -1200 , 0.194500
33947 , s , -1200 , 0.194200
33997 , s , -1200 , 0.194100
34047 , s , -1200 , 0.193900
34097 , s , -1200 , 0.194500
34147 , s , -1200 , 0.194400
34197 , s , -1200 , 0.194300
34247 , s , -1200 , 0.193900
34297 , s , -1200 , 0.193800
34347 , s , -1200 , 0.193600
34397 , s , -1200 , 0.193900
34447 , s , -1200 , 0.194300
34497 , s , -1200 , 0.193600
34547 , s , -1200 , 0.194000
34597 , s , -1200 , 0.194400
35326 , s , -1600 , 0.429000
35376 , s , -1600 , 0.430000
35426 , s , -1600 , 0.430100
35476 , s , -1600 , 0.429200
35526 , s , -1600 , 0.430000
35576 , s , -1600 , 0.430100
35626 , s , -1600 , 0.430200
35676 , s , -1600 , 0.430000
35726 , s , -1600 , 0.430200
35776 , s , -1600 , 0.430000
35826 , s , -1600 , 0.430100
35876 , s , -1600 , 0.430300
35926 , s , -1600 , 0.430400
35976 , s , -1600 , 0.429700
36026 , s , -1600 , 0.430200
36076 , s , -1600 , 0.429800
36126 , s , -1600 , 0.429700
36176 , s , -1600 , 0.429900
36226 , s , -1600 , 0.429600
36276 , s , -1600 , 0.429700
36326 , s , -1600 , 0.429500
36376 , s , -1600 , 0.429900
36426 , s , -1600 , 0.430000
36476 , s , -1600 , 0.430100
36526 , s , -1600 , 0.429500
36576 , s , -1600 , 0.430000
36626 , s , -1600 , 0.430000
36676 , s , -1600 , 0.429800
36726 , s , -1600 , 0.429800
36776 , s , -1600 , 0.430000
36826 , s , -1600 , 0.429700
36876 , s , -1600 , 0.430300
36926 , s , -1600 , 0.430300
36976 , s , -1600 , 0.429700
37026 , s , -1600 , 0.429700
37076 , s , -1600 , 0.430100
37126 , s , -1600 , 0.430000
37176 , s , -1600 , 0.430000
37226 , s , -1600 , 0.430100
37276 , s , -1600 , 0.430300
37326 , s , -1600 , 0.430100
38055 , s , -2000 , 0.645200
38105 , s , -2000 , 0.645900
38155 , s , -2000 , 0.646300
38205 , s , -2000 , 0.646500
38255 , s , -2000 , 0.646500
38305 , s , -2000 , 0.647000
38355 , s , -2000 , 0.647200
38405 , s , -2000 , 0.647500
38455 , s , -2000 , 0.647200
38505 , s , -2000 , 0.646900
38555 , s , -2000 , 0.647600
38605 , s , -2000 , 0.648100
38655 , s , -2000 , 0.647700
38705 , s , -2000 , 0.648000
38755 , s , -2000 , 0.647900
38805 , s , -2000 , 0.648200
38855 , s , -2000 , 0.648400
38905 , s , -2000 , 0.647900
38955 , s , -2000 , 0.647900
39005 , s , -2000 , 0.648900
39055 , s , -2000 , 0.648400
39105 , s , -2000 , 0.648100
39155 , s , -2000 , 0.648500
39205 , s , -2000 , 0.648700
39255 , s , -2000 , 0.648600
39305 , s , -2000 , 0.648300
39355 , s , -2000 , 0.648500
39405 , s , -2000 , 0.648700
39455 , s , -2000 , 0.648800
39505 , s , -2000 , 0.649300
39555 , s , -2000 , 0.649200
39605 , s , -2000 , 0.648500
39655 , s , -2000 , 0.648700
39705 , s , -2000 , 0.648500
39755 , s , -2000 , 0.648500
39805 , s , -2000 , 0.648500
39855 , s , -2000 , 0.649100
39905 , s , -2000 , 0.648800
39955 , s , -2000 , 0.648500
40005 , s , -2000 , 0.649300
40055 , s , -2000 , 0.649100
40784 , s , -2400 , 0.853200
40834 , s , -2400 , 0.853400
40884 , s , -2400 , 0.853700
40934 , s , -2400 , 0.853600
40984 , s , -2400 , 0.854400
41034 , s , -2400 , 0.854100
41084 , s , -2400 , 0.854100
41134 , s , -2400 , 0.853300
41184 , s , -2400 , 0.854000
41234 , s , -2400 , 0.854600
41284 , s , -2400 , 0.854100
41334 , s , -2400 , 0.854200
41384 , s , -2400 , 0.854900
41434 , s , -2400 , 0.855100
41484 , s , -2400 , 0.855800
41534 , s , -2400 , 0.855900
41584 , s , -2400 , 0.855300
41634 , s , -2400 , 0.855700
41684 , s , -2400 , 0.855700
41734 , s , -2400 , 0.855000
41784 , s , -2400 , 0.855500
41834 , s , -2400 , 0.855600
41884 , s , -2400 , 0.856100
41934 , s , -2400 , 0.855800
41984 , s , -2400 , 0.856100
42034 , s , -2400 , 0.855400
42084 , s , -2400 , 0.856100
42134 , s , -2400 , 0.855700
42184 , s , -2400 , 0.855800
42234 , s , -2400 , 0.856300
42284 , s , -2400 , 0.856700
42334 , s , -2400 , 0.855800
42384 , s , -2400 , 0.856700
42434 , s , -2400 , 0.855200
42484 , s , -2400 , 0.856400
42534 , s , -2400 , 0.855500
42584 , s , -2400 , 0.855900
42634 , s , -2400 , 0.856300
42684 , s , -2400 , 0.856100
42734 , s , -2400 , 0.857600
42784 , s , -2400 , 0.855800
43513 , s , -2800 , 1.132599
43563 , s , -2800 , 1.133300
43613 , s , -2800 , 1.133200
43663 , s , -2800 , 1.132500
43713 , s , -2800 , 1.132500
43763 , s , -2800 , 1.133600
43813 , s , -2800 , 1.133500
43863 , s , -2800 , 1.134099
43913 , s , -2800 , 1.134000
43963 , s , -2800 , 1.134000
44013 , s , -2800 , 1.134199
44063 , s , -2800 , 1.134099
44113 , s , -2800 , 1.133700
44163 , s , -2800 , 1.133800
44213 , s , -2800 , 1.134300
44263 , s , -2800 , 1.133900
44313 , s , -2800 , 1.135000
44363 , s , -2800 , 1.134300
44413 , s , -2800 , 1.133900
44463 , s , -2800 , 1.135200
44513 , s , -2800 , 1.133800
44563 , s , -2800 , 1.134800
44613 , s , -2800 , 1.134200
44663 , s , -2800 , 1.134400
44713 , s , -2800 , 1.134200
44763 , s , -2800 , 1.134000
44813 , s , -2800 , 1.134200
44863 , s , -2800 , 1.134400
44913 , s , -2800 , 1.134300
44963 , s , -2800 , 1.135100
45013 , s , -2800 , 1.134500
45063 , s , -2800 , 1.134899
45113 , s , -2800 , 1.134800
45163 , s , -2800 , 1.135399
45213 , s , -2800 , 1.134400
45263 , s , -2800 , 1.134800
45313 , s , -2800 , 1.135200
45363 , s , -2800 , 1.134700
45413 , s , -2800 , 1.135300
45463 , s , -2800 , 1.135200
45513 , s , -2800 , 1.135199
46242 , s , -3200 , 1.435400
46292 , s , -3200 , 1.435800
46342 , s , -3200 , 1.435800
46392 , s , -3200 , 1.435500
46442 , s , -3200 , 1.435700
46492 , s , -3200 , 1.436100
46542 , s , -3200 , 1.436100
46592 , s , -3200 , 1.436700
46642 , s , -3200 , 1.436000
46692 , s , -3200 , 1.436700
46742 , s , -3200 , 1.436400
46792 , s , -3200 , 1.436700
46842 , s , -3200 , 1.436500
46892 , s , -3200 , 1.436600
46942 , s , -3200 , 1.436900
46992 , s , -3200 , 1.436700
47042 , s , -3200 , 1.437800
47092 , s , -3200 , 1.436800
47142 , s , -3200 , 1.437100
47192 , s , -3200 , 1.437800
47242 , s , -3200 , 1.437400
47292 , s , -3200 , 1.437700
47342 , s , -3200 , 1.437700
47392 , s , -3200 , 1.437400
47442 , s , -3200 , 1.437900
47492 , s , -3200 , 1.436500
47542 , s , -3200 , 1.438000
47592 , s , -3200 , 1.437700
47642 , s , -3200 , 1.437900
47692 , s , -3200 , 1.438700
47742 , s , -3200 , 1.437400
47792 , s , -3200 , 1.437300
47842 , s , -3200 , 1.438100
47892 , s , -3200 , 1.438300
47942 , s , -3200 , 1.438200
47992 , s , -3200 , 1.437200
48042 , s , -3200 , 1.438600
48092 , s , -3200 , 1.437900
48142 , s , -3200 , 1.437900
48192 , s , -3200 , 1.437800
48242 , s , -3200 , 1.437700
48971 , s , -3600 , 1.759900
49021 , s , -3600 , 1.760900
49071 , s , -3600 , 1.760600
49121 , s , -3600 , 1.761999
49171 , s , -3600 , 1.764000
49221 , s , -3600 , 1.760500
49271 , s , -3600 , 1.760900
49321 , s , -3600 , 1.761100
49371 , s , -3600 , 1.760900
49421 , s , -3600 , 1.761800
49471 , s , -3600 , 1.761000
49521 , s , -3600 , 1.763000
49571 , s , -3600 , 1.767900
49621 , s , -3600 , 1.761500
49671 , s , -3600 , 1.763299
49721 , s , -3600 , 1.764100
49771 , s , -3600 , 1.763400
49821 , s , -3600 , 1.765300
49871 , s , -3600 , 1.764400
49921 , s , -3600 , 1.764300
49971 , s , -3600 , 1.762300
50021 , s , -3600 , 1.770000
50071 , s , -3600 , 1.767800
50121 , s , -3600 , 1.765600
50171 , s , -3600 , 1.763000
50221 , s , -3600 , 1.764700
50271 , s , -3600 , 1.763700
50321 , s , -3600 , 1.765300
50371 , s , -3600 , 1.763600
50421 , s , -3600 , 1.763400
50471 , s , -3600 , 1.763700
50521 , s , -3600 , 1.763600
50571 , s , -3600 , 1.763700
50621 , s , -3600 , 1.765600
50671 , s , -3600 , 1.766700
50721 , s , -3600 , 1.766200
50771 , s , -3600 , 1.763300
50821 , s , -3600 , 1.763600
50871 , s , -3600 , 1.764499
50921 , s , -3600 , 1.767500
50971 , s , -3600 , 1.762800
51700 , s , -4000 , 2.174600
51750 , s , -4000 , 2.179900
51800 , s , -4000 , 2.182500
51850 , s , -4000 , 2.178100
51900 , s , -4000 , 2.176500
51950 , s , -4000 , 2.179001
52000 , s , -4000 , 2.177500
52050 , s , -4000 , 2.176400
52100 , s , -4000 , 2.183700
52150 , s , -4000 , 2.179200
52200 , s , -4000 , 2.179801
52250 , s , -4000 , 2.178000
52300 , s , -4000 , 2.184300
52350 , s , -4000 , 2.181500
52400 , s , -4000 , 2.175200
52450 , s , -4000 , 2.186200
52500 , s , -4000 , 2.177300
52550 , s , -4000 , 2.179699
52600 , s , -4000 , 2.180700
52650 , s , -4000 , 2.179000
52700 , s , -4000 , 2.180300
52750 , s , -4000 , 2.177401
52800 , s , -4000 , 2.172200
52850 , s , -4000 , 2.174500
52900 , s , -4000 , 2.177701
52950 , s , -4000 , 2.180100
53000 , s , -4000 , 2.176200
53050 , s , -4000 , 2.177200
53100 , s , -4000 , 2.175700
53150 , s , -4000 , 2.181500
53200 , s , -4000 , 2.180600
53250 , s , -4000 , 2.170000
53300 , s , -4000 , 2.174100
53350 , s , -4000 , 2.180800
53400 , s , -4000 , 2.179000
53450 , s , -4000 , 2.172801
53500 , s , -4000 , 2.174200
53550 , s , -4000 , 2.173900
53600 , s , -4000 , 2.179800
53650 , s , -4000 , 2.179100
53700 , s , -4000 , 2.183700
54429 , s , -4400 , 2.749300
54479 , s , -4400 , 2.755200
54529 , s , -4400 , 2.746900
54579 , s , -4400 , 2.753300
54629 , s , -4400 , 2.746800
54679 , s , -4400 , 2.744800
54729 , s , -4400 , 2.750700
54779 , s , -4400 , 2.752400
54829 , s , -4400 , 2.754600
54879 , s , -4400 , 2.747301
54929 , s , -4400 , 2.745600
54979 , s , -4400 , 2.746900
55029 , s , -4400 , 2.751699
55079 , s , -4400 , 2.748500
55129 , s , -4400 , 2.741700
55179 , s , -4400 , 2.748200
55229 , s , -4400 , 2.742300
55279 , s , -4400 , 2.749799
55329 , s , -4400 , 2.749000
55379 , s , -4400 , 2.746701
55429 , s , -4400 , 2.750101
55479 , s , -4400 , 2.751300
55529 , s , -4400 , 2.747501
55579 , s , -4400 , 2.749000
55629 , s , -4400 , 2.748300
55679 , s , -4400 , 2.750600
55729 , s , -4400 , 2.747700
55779 , s , -4400 , 2.747700
55829 , s , -4400 , 2.746000
55879 , s , -4400 , 2.750300
55929 , s , -4400 , 2.751600
55979 , s , -4400 , 2.746700
56029 , s , -4400 , 2.751000
56079 , s , -4400 , 2.756200
56129 , s , -4400 , 2.751500
56179 , s , -4400 , 2.747400
56229 , s , -4400 , 2.742301
56279 , s , -4400 , 2.752900
56329 , s , -4400 , 2.753400
56379 , s , -4400 , 2.747001
56429 , s , -4400 , 2.749800
57158 , s , -4800 , 3.138100
57208 , s , -4800 , 3.133800
57258 , s , -4800 , 3.135800
57308 , s , -4800 , 3.134700
57358 , s , -4800 , 3.129500
57408 , s , -4800 , 3.128699
57458 , s , -4800 , 3.136500
57508 , s , -4800 , 3.135800
57558 , s , -4800 , 3.134400
57608 , s , -4800 , 3.137300
57658 , s , -4800 , 3.140100
57708 , s , -4800 , 3.129400
57758 , s , -4800 , 3.132300
57808 , s , -4800 , 3.130200
57858 , s , -4800 , 3.134500
57908 , s , -4800 , 3.132900
57958 , s , -4800 , 3.131400
58008 , s , -4800 , 3.132199
58058 , s , -4800 , 3.130600
58108 , s , -4800 , 3.134600
58158 , s , -4800 , 3.133800
58208 , s , -4800 , 3.127000
58258 , s , -4800 , 3.131800
58308 , s , -4800 , 3.134899
58358 , s , -4800 , 3.130900
58408 , s , -4800 , 3.135300
58458 , s , -4800 , 3.136300
58508 , s , -4800 , 3.127000
58558 , s , -4800 , 3.127599
58608 , s , -4800 , 3.126700
58658 , s , -4800 , 3.137500
58708 , s , -4800 , 3.131700
58758 , s , -4800 , 3.137400
58808 , s , -4800 , 3.128000
58858 , s , -4800 , 3.123900
58908 , s , -4800 , 3.136900
58958 , s , -4800 , 3.128500
59008 , s , -4800 , 3.135999
59058 , s , -4800 , 3.131900
59108 , s , -4800 , 3.132299
59158 , s , -4800 , 3.135299
59887 , s , -5200 , 3.451600
59937 , s , -5200 , 3.439600
59987 , s , -5200 , 3.444000
60037 , s , -5200 , 3.450200
60087 , s , -5200 , 3.450201
60137 , s , -5200 , 3.451100
60187 , s , -5200 , 3.454900
60237 , s , -5200 , 3.447900
60287 , s , -5200 , 3.450101
60337 , s , -5200 , 3.455000
60387 , s , -5200 , 3.446800
60437 , s , -5200 , 3.441299
60487 , s , -5200 , 3.448800
60537 , s , -5200 , 3.448400
60587 , s , -5200 , 3.455301
60637 , s , -5200 , 3.447100
60687 , s , -5200 , 3.447701
60737 , s , -5200 , 3.439100
60787 , s , -5200 , 3.452801
60837 , s , -5200 , 3.450800
60887 , s , -5200 , 3.445801
60937 , s , -5200 , 3.453300
60987 , s , -5200 , 3.448301
61037 , s , -5200 , 3.452701
61087 , s , -5200 , 3.449500
61137 , s , -5200 , 3.451500
61187 , s , -5200 , 3.447500
61237 , s , -5200 , 3.458101
61287 , s , -5200 , 3.449600
61337 , s , -5200 , 3.449700
61387 , s , -5200 , 3.447200
61437 , s , -5200 , 3.448000
61487 , s , -5200 , 3.448600
61537 , s , -5200 , 3.444500
61587 , s , -5200 , 3.444500
61637 , s , -5200 , 3.450800
61687 , s , -5200 , 3.451400
61737 , s , -5200 , 3.447900
61787 , s , -5200 , 3.452201
61837 , s , -5200 , 3.451100
61887 , s , -5200 , 3.450200
62616 , s , -5600 , 3.708400
62666 , s , -5600 , 3.714201
62716 , s , -5600 , 3.709800
62766 , s , -5600 , 3.710100
62816 , s , -5600 , 3.710999
62866 , s , -5600 , 3.709700
62916 , s , -5600 , 3.710000
62966 , s , -5600 , 3.716900
63016 , s , -5600 , 3.717200
63066 , s , -5600 , 3.721400
63116 , s , -5600 , 3.711700
63166 , s , -5600 , 3.720401
63216 , s , -5600 , 3.715001
63266 , s , -5600 , 3.713201
63316 , s , -5600 , 3.716400
63366 , s , -5600 , 3.711301
63416 , s , -5600 , 3.716500
63466 , s , -5600 , 3.718500
63516 , s , -5600 , 3.708800
63566 , s , -5600 , 3.715401
63616 , s , -5600 , 3.707599
63666 , s , -5600 , 3.722900
63716 , s , -5600 , 3.714601
63766 , s , -5600 , 3.710000
63816 , s , -5600 , 3.720401
63866 , s , -5600 , 3.716400
63916 , s , -5600 , 3.716000
63966 , s , -5600 , 3.719400
64016 , s , -5600 , 3.719000
64066 , s , -5600 , 3.716601
64116 , s , -5600 , 3.717800
64166 , s , -5600 , 3.717500
64216 , s , -5600 , 3.717400
64266 , s , -5600 , 3.711100
64316 , s , -5600 , 3.715400
64366 , s , -5600 , 3.713601
64416 , s , -5600 , 3.716500
64466 , s , -5600 , 3.716300
64516 , s , -5600 , 3.702300
64566 , s , -5600 , 3.726501
64616 , s , -5600 , 3.709301
65345 , s , -6000 , 4.134100
65395 , s , -6000 , 4.142900
65445 , s , -6000 , 4.134100
65495 , s , -6000 , 4.141099
65545 , s , -6000 , 4.130100
65595 , s , -6000 , 4.134799
65645 , s , -6000 , 4.142301
65695 , s , -6000 , 4.141500
65745 , s , -6000 , 4.137600
65795 , s , -6000 , 4.135201
65845 , s , -6000 , 4.136600
65895 , s , -6000 , 4.130200
65945 , s , -6000 , 4.135000
65995 , s , -6000 , 4.138700
66045 , s , -6000 , 4.137599
66095 , s , -6000 , 4.136300
66145 , s , -6000 , 4.135600
66195 , s , -6000 , 4.136400
66245 , s , -6000 , 4.140499
66295 , s , -6000 , 4.137101
66345 , s , -6000 , 4.140400
66395 , s , -6000 , 4.132300
66445 , s , -6000 , 4.145100
66495 , s , -6000 , 4.131900
66545 , s , -6000 , 4.146100
66595 , s , -6000 , 4.141700
66645 , s , -6000 , 4.132700
66695 , s , -6000 , 4.140900
66745 , s , -6000 , 4.139800
66795 , s , -6000 , 4.133300
66845 , s , -6000 , 4.141699
66895 , s , -6000 , 4.143600
66945 , s , -6000 , 4.140599
66995 , s , -6000 , 4.134499
67045 , s , -6000 , 4.138399
67095 , s , -6000 , 4.147000
67145 , s , -6000 , 4.147100
67195 , s , -6000 , 4.132699
67245 , s , -6000 , 4.124599
67295 , s , -6000 , 4.136900
67345 , s , -6000 , 4.144000
68074 , s , -6400 , 4.489200
68124 , s , -6400 , 4.491099
68174 , s , -6400 , 4.499600
68224 , s , -6400 , 4.490600
68274 , s , -6400 , 4.495901
68324 , s , -6400 , 4.499700
68374 , s , -6400 , 4.489300
68424 , s , -6400 , 4.498900
68474 , s , -6400 , 4.488600
68524 , s , -6400 , 4.494200
68574 , s , -6400 , 4.494500
68624 , s , -6400 , 4.497601
68674 , s , -6400 , 4.494301
68724 , s , -6400 , 4.484101
68774 , s , -6400 , 4.493600
68824 , s , -6400 , 4.489600
68874 , s , -6400 , 4.498801
68924 , s , -6400 , 4.490000
68974 , s , -6400 , 4.491100
69024 , s , -6400 , 4.477401
69074 , s , -6400 , 4.492100
69124 , s , -6400 , 4.499000
69174 , s , -6400 , 4.493800
69224 , s , -6400 , 4.507100
69274 , s , -6400 , 4.490100
69324 , s , -6400 , 4.499600
69374 , s , -6400 , 4.498500
69424 , s , -6400 , 4.503299
69474 , s , -6400 , 4.482300
69524 , s , -6400 , 4.490800
69574 , s , -6400 , 4.494599
69624 , s , -6400 , 4.490100
69674 , s , -6400 , 4.493500
69724 , s , -6400 , 4.490300
69774 , s , -6400 , 4.492400
69824 , s , -6400 , 4.510500
69874 , s , -6400 , 4.499500
69924 , s , -6400 , 4.488500
69974 , s , -6400 , 4.499300
70024 , s , -6400 , 4.500101
70074 , s , -6400 , 4.498301
70803 , s , -6800 , 4.835701
70853 , s , -6800 , 4.843901
70903 , s , -6800 , 4.848300
70953 , s , -6800 , 4.847600
71003 , s , -6800 , 4.833901
71053 , s , -6800 , 4.841401
71103 , s , -6800 , 4.843100
71153 , s , -6800 , 4.832701
71203 , s , -6800 , 4.844601
71253 , s , -6800 , 4.845800
71303 , s , -6800 , 4.847101
71353 , s , -6800 , 4.829801
71403 , s , -6800 , 4.836401
71453 , s , -6800 , 4.847001
71503 , s , -6800 , 4.836801
71553 , s , -6800 , 4.836101
71603 , s , -6800 , 4.840600
71653 , s , -6800 , 4.840900
71703 , s , -6800 , 4.842800
71753 , s , -6800 , 4.857100
71803 , s , -6800 , 4.848001
71853 , s , -6800 , 4.841701
71903 , s , -6800 , 4.836200
71953 , s , -6800 , 4.855400
72003 , s , -6800 , 4.854700
72053 , s , -6800 , 4.848001
72103 , s , -6800 , 4.846001
72153 , s , -6800 , 4.849600
72203 , s , -6800 , 4.833700
72253 , s , -6800 , 4.850601
72303 , s , -6800 , 4.845400
72353 , s , -6800 , 4.844801
72403 , s , -6800 , 4.838601
72453 , s , -6800 , 4.837300
72503 , s , -6800 , 4.851901
72553 , s , -6800 , 4.849100
72603 , s , -6800 , 4.856800
72653 , s , -6800 , 4.837701
72703 , s , -6800 , 4.842501
72753 , s , -6800 , 4.841201
72803 , s , -6800 , 4.835300
73532 , s , -7200 , 5.589501
73582 , s , -7200 , 5.592802
73632 , s , -7200 , 5.582400
73682 , s , -7200 , 5.586700
73732 , s , -7200 , 5.579200
73782 , s , -7200 , 5.574001
73832 , s , -7200 , 5.580000
73882 , s , -7200 , 5.587801
73932 , s , -7200 , 5.579299
73982 , s , -7200 , 5.582600
74032 , s , -7200 , 5.580400
74082 , s , -7200 , 5.589400
74132 , s , -7200 , 5.595601
74182 , s , -7200 , 5.591600
74232 , s , -7200 , 5.587400
74282 , s , -7200 , 5.600300
74332 , s , -7200 , 5.593801
74382 , s , -7200 , 5.597802
74432 , s , -7200 , 5.585500
74482 , s , -7200 , 5.571500
74532 , s , -7200 , 5.580701
74582 , s , -7200 , 5.587699
74632 , s , -7200 , 5.581100
74682 , s , -7200 , 5.586801
74732 , s , -7200 , 5.581700
74782 , s , -7200 , 5.610899
74832 , s , -7200 , 5.596000
74882 , s , -7200 , 5.605000
74932 , s , -7200 , 5.598300
74982 , s , -7200 , 5.581601
75032 , s , -7200 , 5.572000
75082 , s , -7200 , 5.596000
75132 , s , -7200 , 5.592700
75182 , s , -7200 , 5.584501
75232 , s , -7200 , 5.581100
75282 , s , -7200 , 5.578501
75332 , s , -7200 , 5.581400
75382 , s , -7200 , 5.587801
75432 , s , -7200 , 5.579800
75482 , s , -7200 , 5.589100
75532 , s , -7200 , 5.586500
76261 , s , -7600 , 6.168500
76311 , s , -7600 , 6.183701
76361 , s , -7600 , 6.182300
76411 , s , -7600 , 6.167099
76461 , s , -7600 , 6.160700
76511 , s , -7600 , 6.182301
76561 , s , -7600 , 6.170401
76611 , s , -7600 , 6.168700
76661 , s , -7600 , 6.168101
76711 , s , -7600 , 6.184198
76761 , s , -7600 , 6.174701
76811 , s , -7600 , 6.156800
76861 , s , -7600 , 6.180300
76911 , s , -7600 , 6.169700
76961 , s , -7600 , 6.170999
77011 , s , -7600 , 6.170299
77061 , s , -7600 , 6.171600
77111 , s , -7600 , 6.187301
77161 , s , -7600 , 6.165901
77211 , s , -7600 , 6.172998
77261 , s , -7600 , 6.170300
77311 , s , -7600 , 6.172799
77361 , s , -7600 , 6.178201
77411 , s , -7600 , 6.175300
77461 , s , -7600 , 6.162099
77511 , s , -7600 , 6.182000
77561 , s , -7600 , 6.175799
77611 , s , -7600 , 6.171101
77661 , s , -7600 , 6.202600
77711 , s , -7600 , 6.171500
77761 , s , -7600 , 6.161000
77811 , s , -7600 , 6.175300
77861 , s , -7600 , 6.175299
77911 , s , -7600 , 6.163800
77961 , s , -7600 , 6.152699
78011 , s , -7600 , 6.183701
78061 , s , -7600 , 6.171900
78111 , s , -7600 , 6.175000
78161 , s , -7600 , 6.179300
78211 , s , -7600 , 6.153800
78261 , s , -7600 , 6.180699
78990 , s , -8000 , 6.617301
79040 , s , -8000 , 6.636000
79090 , s , -8000 , 6.630499
79140 , s , -8000 , 6.630299
79190 , s , -8000 , 6.658400
79240 , s , -8000 , 6.614501
79290 , s , -8000 , 6.635200
79340 , s , -8000 , 6.661001
79390 , s , -8000 , 6.620701
79440 , s , -8000 , 6.639202
79490 , s , -8000 , 6.636899
79540 , s , -8000 , 6.598501
79590 , s , -8000 , 6.650601
79640 , s , -8000 , 6.646500
79690 , s , -8000 , 6.631101
79740 , s , -8000 , 6.636301
79790 , s , -8000 , 6.642201
79840 , s , -8000 , 6.639302
79890 , s , -8000 , 6.638400
79940 , s , -8000 , 6.639101
79990 , s , -8000 , 6.623501
80040 , s , -8000 , 6.648601
80090 , s , -8000 , 6.638800
80140 , s , -8000 , 6.644900
80190 , s , -8000 , 6.636601
80240 , s , -8000 , 6.622800
80290 , s , -8000 , 6.648699
80340 , s , -8000 , 6.643001
80390 , s , -8000 , 6.661099
80440 , s , -8000 , 6.624102
80490 , s , -8000 , 6.614999
80540 , s , -8000 , 6.640200
80590 , s , -8000 , 6.646899
80640 , s , -8000 , 6.611100
80690 , s , -8000 , 6.637402
80740 , s , -8000 , 6.648499
80790 , s , -8000 , 6.654201
80840 , s , -8000 , 6.660900
80890 , s , -8000 , 6.636700
80940 , s , -8000 , 6.656400
80990 , s , -8000 , 6.646501
81719 , s , -8400 , 6.990600
81769 , s , -8400 , 7.003400
81819 , s , -8400 , 6.989700
81869 , s , -8400 , 6.994999
81919 , s , -8400 , 6.992800
81969 , s , -8400 , 6.972999
82019 , s , -8400 , 7.002699
82069 , s , -8400 , 7.015701
82119 , s , -8400 , 6.984001
82169 , s , -8400 , 6.998101
82219 , s , -8400 , 6.988299
82269 , s , -8400 , 7.020200
82319 , s , -8400 , 6.996200
82369 , s , -8400 , 6.981399
82419 , s , -8400 , 6.995200
82469 , s , -8400 , 6.980199
82519 , s , -8400 , 7.012900
82569 , s , -8400 , 7.023499
82619 , s , -8400 , 7.009101
82669 , s , -8400 , 6.984001
82719 , s , -8400 , 7.012800
82769 , s , -8400 , 6.994300
82819 , s , -8400 , 7.009901
82869 , s , -8400 , 6.974500
82919 , s , -8400 , 6.992900
82969 , s , -8400 , 6.984401
83019 , s , -8400 , 6.988900
83069 , s , -8400 , 6.988599
83119 , s , -8400 , 7.017200
83169 , s , -8400 , 7.002598
83219 , s , -8400 , 6.964700
83269 , s , -8400 , 6.986101
83319 , s , -8400 , 6.984399
83369 , s , -8400 , 6.987100
83419 , s , -8400 , 6.990398
83469 , s , -8400 , 7.010600
83519 , s , -8400 , 6.986300
83569 , s , -8400 , 6.987300
83619 , s , -8400 , 6.975100
83669 , s , -8400 , 7.003300
83719 , s , -8400 , 6.992200
84448 , s , -8800 , 7.160302
84498 , s , -8800 , 7.183301
84548 , s , -8800 , 7.192301
84598 , s , -8800 , 7.198999
84648 , s , -8800 , 7.205901
84698 , s , -8800 , 7.179700
84748 , s , -8800 , 7.204400
84798 , s , -8800 , 7.194098
84848 , s , -8800 , 7.182400
84898 , s , -8800 , 7.207499
84948 , s , -8800 , 7.199901
84998 , s , -8800 , 7.202701
85048 , s , -8800 , 7.199901
85098 , s , -8800 , 7.193400
85148 , s , -8800 , 7.208099
85198 , s , -8800 , 7.204899
85248 , s , -8800 , 7.226300
85298 , s , -8800 , 7.196799
85348 , s , -8800 , 7.195201
85398 , s , -8800 , 7.202400
85448 , s , -8800 , 7.190701
85498 , s , -8800 , 7.183899
85548 , s , -8800 , 7.194800
85598 , s , -8800 , 7.175101
85648 , s , -8800 , 7.183599
85698 , s , -8800 , 7.207801
85748 , s , -8800 , 7.170801
85798 , s , -8800 , 7.196701
85848 , s , -8800 , 7.202399
85898 , s , -8800 , 7.180899
85948 , s , -8800 , 7.189198
85998 , s , -8800 , 7.189900
86048 , s , -8800 , 7.180301
86098 , s , -8800 , 7.211903
86148 , s , -8800 , 7.193201
86198 , s , -8800 , 7.199599
86248 , s , -8800 , 7.197601
86298 , s , -8800 , 7.198401
86348 , s , -8800 , 7.178600
86398 , s , -8800 , 7.189901
86448 , s , -8800 , 7.191301
87177 , s , -9200 , 7.618600
87227 , s , -9200 , 7.610700
87277 , s , -9200 , 7.624800
87327 , s , -9200 , 7.637802
87377 , s , -9200 , 7.583901
87427 , s , -9200 , 7.584401
87477 , s , -9200 , 7.596700
87527 , s , -9200 , 7.613000
87577 , s , -9200 , 7.638001
87627 , s , -9200 , 7.573101
87677 , s , -9200 , 7.564600
87727 , s , -9200 , 7.606598
87777 , s , -9200 , 7.557501
87827 , s , -9200 , 7.632401
87877 , s , -9200 , 7.597700
87927 , s , -9200 , 7.635900
87977 , s , -9200 , 7.635900
88027 , s , -9200 , 7.607900
88077 , s , -9200 , 7.593801
88127 , s , -9200 , 7.635602
88177 , s , -9200 , 7.582700
88227 , s , -9200 , 7.592500
88277 , s , -9200 , 7.591000
88327 , s , -9200 , 7.590799
88377 , s , -9200 , 7.622800
88427 , s , -9200 , 7.611201
88477 , s , -9200 , 7.615100
88527 , s , -9200 , 7.597299
88577 , s , -9200 , 7.606700
88627 , s , -9200 , 7.579100
88677 , s , -9200 , 7.602800
88727 , s , -9200 , 7.608202
88777 , s , -9200 , 7.588501
88827 , s , -9200 , 7.603601
88877 , s , -9200 , 7.625898
88927 , s , -9200 , 7.606499
88977 , s , -9200 , 7.613002
89027 , s , -9200 , 7.611402
89077 , s , -9200 , 7.613600
89127 , s , -9200 , 7.615000
89177 , s , -9200 , 7.593499
89906 , s , -9600 , 8.085799
89956 , s , -9600 , 8.069099
90006 , s , -9600 , 8.094200
90056 , s , -9600 , 8.081200
90106 , s , -9600 , 8.120299
90156 , s , -9600 , 8.066799
90206 , s , -9600 , 8.055301
90256 , s , -9600 , 8.064900
90306 , s , -9600 , 8.059000
90356 , s , -9600 , 8.099998
90406 , s , -9600 , 8.091900
90456 , s , -9600 , 8.060199
90506 , s , -9600 , 8.050200
90556 , s , -9600 , 8.064601
90606 , s , -9600 , 8.058199
90656 , s , -9600 , 8.069798
90706 , s , -9600 , 8.091201
90756 , s , -9600 , 8.076600
90806 , s , -9600 , 8.054599
90856 , s , -9600 , 8.053800
90906 , s , -9600 , 8.071699
90956 , s , -9600 , 8.080300
91006 , s , -9600 , 8.082002
91056 , s , -9600 , 8.078500
91106 , s , -9600 , 8.085299
91156 , s , -9600 , 8.111500
91206 , s , -9600 , 8.094100
91256 , s , -9600 , 8.029099
91306 , s , -9600 , 8.098001
91356 , s , -9600 , 8.068000
91406 , s , -9600 , 8.093200
91456 , s , -9600 , 8.072601
91506 , s , -9600 , 8.076300
91556 , s , -9600 , 8.094399
91606 , s , -9600 , 8.048300
91656 , s , -9600 , 8.137402
91706 , s , -9600 , 8.075399
91756 , s , -9600 , 8.095901
91806 , s , -9600 , 8.089100
91856 , s , -9600 , 8.045401
91906 , s , -9600 , 8.050900
92635 , s , -10000 , 8.548700
92685 , s , -10000 , 8.525900
92735 , s , -10000 , 8.587101
92785 , s , -10000 , 8.580401
92835 , s , -10000 , 8.544099
92885 , s , -10000 , 8.578398
92935 , s , -10000 , 8.525000
92985 , s , -10000 , 8.554300
93035 , s , -10000 , 8.565802
93085 , s , -10000 , 8.527399
93135 , s , -10000 , 8.532398
93185 , s , -10000 , 8.552301
93235 , s , -10000 , 8.523499
93285 , s , -10000 , 8.573201
93335 , s , -10000 , 8.566599
93385 , s , -10000 , 8.527101
93435 , s , -10000 , 8.539900
93485 , s , -10000 , 8.541800
93535 , s , -10000 , 8.543900
93585 , s , -10000 , 8.583698
93635 , s , -10000 , 8.567999
93685 , s , -10000 , 8.563800
93735 , s , -10000 , 8.529699
93785 , s , -10000 , 8.561700
93835 , s , -10000 , 8.539899
93885 , s , -10000 , 8.594200
93935 , s , -10000 , 8.587601
93985 , s , -10000 , 8.566001
94035 , s , -10000 , 8.555499
94085 , s , -10000 , 8.556600
94135 , s , -10000 , 8.559200
94185 , s , -10000 , 8.555101
94235 , s , -10000 , 8.578999
94285 , s , -10000 , 8.568798
94335 , s , -10000 , 8.558200
94385 , s , -10000 , 8.576001
94435 , s , -10000 , 8.576200
94485 , s , -10000 , 8.576899
94535 , s , -10000 , 8.530099
94585 , s , -10000 , 8.566799
94635 , s , -10000 , 8.549999
95364 , s , -10400 , 9.157300
95414 , s , -10400 , 9.123301
95464 , s , -10400 , 9.189099
95514 , s , -10400 , 9.111601
95564 , s , -10400 , 9.139700
95614 , s , -10400 , 9.142699
95664 , s , -10400 , 9.181001
95714 , s , -10400 , 9.119901
95764 , s , -10400 , 9.135201
95814 , s , -10400 , 9.095301
95864 , s , -10400 , 9.168100
95914 , s , -10400 , 9.166600
95964 , s , -10400 , 9.135000
96014 , s , -10400 , 9.122400
96064 , s , -10400 , 9.143000
96114 , s , -10400 , 9.117899
96164 , s , -10400 , 9.129400
96214 , s , -10400 , 9.123600
96264 , s , -10400 , 9.160399
96314 , s , -10400 , 9.117999
96364 , s , -10400 , 9.150301
96414 , s , -10400 , 9.148001
96464 , s , -10400 , 9.157299
96514 , s , -10400 , 9.122900
96564 , s , -10400 , 9.138700
96614 , s , -10400 , 9.118599
96664 , s , -10400 , 9.169400
96714 , s , -10400 , 9.135799
96764 , s , -10400 , 9.100201
96814 , s , -10400 , 9.112102
96864 , s , -10400 , 9.125999
96914 , s , -10400 , 9.104600
96964 , s , -10400 , 9.125800
97014 , s , -10400 , 9.158900
97064 , s , -10400 , 9.116000
97114 , s , -10400 , 9.186800
97164 , s , -10400 , 9.149199
97214 , s , -10400 , 9.130100
97264 , s , -10400 , 9.166800
97314 , s , -10400 , 9.156000
97364 , s , -10400 , 9.140799
98093 , s , -10800 , 9.891998
98143 , s , -10800 , 9.860901
98193 , s , -10800 , 9.914701
98243 , s , -10800 , 9.887801
98293 , s , -10800 , 9.903201
98343 , s , -10800 , 9.889301
98393 , s , -10800 , 9.913098
98443 , s , -10800 , 9.963302
98493 , s , -10800 , 9.881899
98543 , s , -10800 , 9.914001
98593 , s , -10800 , 9.869202
98643 , s , -10800 , 9.880800
98693 , s , -10800 , 9.902799
98743 , s , -10800 , 9.887901
98793 , s , -10800 , 9.877999
98843 , s , -10800 , 9.909399
98893 , s , -10800 , 9.883301
98943 , s , -10800 , 9.913199
98993 , s , -10800 , 9.947299
99043 , s , -10800 , 9.925601
99093 , s , -10800 , 9.917200
99143 , s , -10800 , 9.953401
99193 , s , -10800 , 9.903099
99243 , s , -10800 , 9.920999
99293 , s , -10800 , 9.925302
99343 , s , -10800 , 9.876298
99393 , s , -10800 , 9.953601
99443 , s , -10800 , 9.896799
99493 , s , -10800 , 9.915501
99543 , s , -10800 , 9.966301
99593 , s , -10800 , 9.945299
99643 , s , -10800 , 9.925099
99693 , s , -10800 , 9.937500
99743 , s , -10800 , 9.946598
99793 , s , -10800 , 9.916301
99843 , s , -10800 , 9.916802
99893 , s , -10800 , 9.927699
99943 , s , -10800 , 9.907400
99993 , s , -10800 , 9.911598
100043 , s , -10800 , 9.920500
100093 , s , -10800 , 9.885900
100822 , s , -11200 , 10.355001
100872 , s , -11200 , 10.331200
100922 , s , -11200 , 10.360100
100972 , s , -11200 , 10.332000
101022 , s , -11200 , 10.344701
101072 , s , -11200 , 10.316499
101122 , s , -11200 , 10.310202
101172 , s , -11200 , 10.348699
101222 , s , -11200 , 10.341599
101272 , s , -11200 , 10.336500
101322 , s , -11200 , 10.343700
101372 , s , -11200 , 10.338100
101422 , s , -11200 , 10.356098
101472 , s , -11200 , 10.332799
101522 , s , -11200 , 10.353299
101572 , s , -11200 , 10.306399
101622 , s , -11200 , 10.308001
101672 , s , -11200 , 10.333100
101722 , s , -11200 , 10.314200
101772 , s , -11200 , 10.326502
101822 , s , -11200 , 10.353098
101872 , s , -11200 , 10.338999
101922 , s , -11200 , 10.337700
101972 , s , -11200 , 10.341499
102022 , s , -11200 , 10.342700
102072 , s , -11200 , 10.332799
102122 , s , -11200 , 10.342500
102172 , s , -11200 , 10.347800
102222 , s , -11200 , 10.326900
102272 , s , -11200 , 10.339299
102322 , s , -11200 , 10.312201
102372 , s , -11200 , 10.321900
102422 , s , -11200 , 10.347898
102472 , s , -11200 , 10.339302
102522 , s , -11200 , 10.332001
102572 , s , -11200 , 10.382799
102622 , s , -11200 , 10.347799
102672 , s , -11200 , 10.335001
102722 , s , -11200 , 10.345999
102772 , s , -11200 , 10.356101
102822 , s , -11200 , 10.347998
103551 , s , -11600 , 10.828300
103601 , s , -11600 , 10.811699
103651 , s , -11600 , 10.799600
103701 , s , -11600 , 10.804800
103751 , s , -11600 , 10.759701
103801 , s , -11600 , 10.757199
103851 , s , -11600 , 10.777399
103901 , s , -11600 , 10.811999
103951 , s , -11600 , 10.806801
104001 , s , -11600 , 10.800800
104051 , s , -11600 , 10.784401
104101 , s , -11600 , 10.753801
104151 , s , -11600 , 10.803900
104201 , s , -11600 , 10.761700
104251 , s , -11600 , 10.774701
104301 , s , -11600 , 10.784401
104351 , s , -11600 , 10.794498
104401 , s , -11600 , 10.818700
104451 , s , -11600 , 10.738097
104501 , s , -11600 , 10.839499
104551 , s , -11600 , 10.807900
104601 , s , -11600 , 10.810298
104651 , s , -11600 , 10.771899
104701 , s , -11600 , 10.803600
104751 , s , -11600 , 10.781599
104801 , s , -11600 , 10.774700
104851 , s , -11600 , 10.810498
104901 , s , -11600 , 10.792101
104951 , s , -11600 , 10.771801
105001 , s , -11600 , 10.769000
105051 , s , -11600 , 10.816198
105101 , s , -11600 , 10.775303
105151 , s , -11600 , 10.771801
105201 , s , -11600 , 10.753000
105251 , s , -11600 , 10.800900
105301 , s , -11600 , 10.787699
105351 , s , -11600 , 10.764801
105401 , s , -11600 , 10.779801
105451 , s , -11600 , 10.773600
105501 , s , -11600 , 10.752603
105551 , s , -11600 , 10.767002
106280 , s , -12000 , 10.859099
106330 , s , -12000 , 10.867601
106380 , s , -12000 , 10.851400
106430 , s , -12000 , 10.833098
106480 , s , -12000 , 10.846099
106530 , s , -12000 , 10.823600
106580 , s , -12000 , 10.840200
106630 , s , -12000 , 10.834400
106680 , s , -12000 , 10.823399
106730 , s , -12000 , 10.840899
106780 , s , -12000 , 10.848100
106830 , s , -12000 , 10.882500
106880 , s , -12000 , 10.880301
106930 , s , -12000 , 10.850800
106980 , s , -12000 , 10.837200
107030 , s , -12000 , 10.828799
107080 , s , -12000 , 10.839200
107130 , s , -12000 , 10.782101
107180 , s , -12000 , 10.819500
107230 , s , -12000 , 10.816401
107280 , s , -12000 , 10.833999
107330 , s , -12000 , 10.841400
107380 , s , -12000 , 10.849901
107430 , s , -12000 , 10.900900
107480 , s , -12000 , 10.852500
107530 , s , -12000 , 10.845900
107580 , s , -12000 , 10.859099
107630 , s , -12000 , 10.916300
107680 , s , -12000 , 10.840499
107730 , s , -12000 , 10.855399
107780 , s , -12000 , 10.822902
107830 , s , -12000 , 10.860401
107880 , s , -12000 , 10.801399
107930 , s , -12000 , 10.866299
107980 , s , -12000 , 10.867500
108030 , s , -12000 , 10.855502
108080 , s , -12000 , 10.859301
108130 , s , -12000 , 10.806701
108180 , s , -12000 , 10.821198
108230 , s , -12000 , 10.844900
108280 , s , -12000 , 10.862000
109009 , s , -12400 , 11.417401
109059 , s , -12400 , 11.419201
109109 , s , -12400 , 11.425200
109159 , s , -12400 , 11.420300
109209 , s , -12400 , 11.412001
109259 , s , -12400 , 11.509600
109309 , s , -12400 , 11.412501
109359 , s , -12400 , 11.464200
109409 , s , -12400 , 11.405600
109459 , s , -12400 , 11.434301
109509 , s , -12400 , 11.398399
109559 , s , -12400 , 11.424603
109609 , s , -12400 , 11.392500
109659 , s , -12400 , 11.406200
109709 , s , -12400 , 11.432700
109759 , s , -12400 , 11.435500
109809 , s , -12400 , 11.357800
109859 , s , -12400 , 11.417501
109909 , s , -12400 , 11.439199
109959 , s , -12400 , 11.475698
110009 , s , -12400 , 11.422301
110059 , s , -12400 , 11.466500
110109 , s , -12400 , 11.417001
110159 , s , -12400 , 11.455600
110209 , s , -12400 , 11.413100
110259 , s , -12400 , 11.401001
110309 , s , -12400 , 11.398799
110359 , s , -12400 , 11.412501
110409 , s , -12400 , 11.408999
110459 , s , -12400 , 11.381801
110509 , s , -12400 , 11.414499
110559 , s , -12400 , 11.429298
110609 , s , -12400 , 11.379901
110659 , s , -12400 , 11.393699
110709 , s , -12400 , 11.472299
110759 , s , -12400 , 11.423000
110809 , s , -12400 , 11.423301
110859 , s , -12400 , 11.440499
110909 , s , -12400 , 11.370000
110959 , s , -12400 , 11.399200
111009 , s , -12400 , 11.456902
111738 , s , -12800 , 11.727100
111788 , s , -12800 , 11.746502
111838 , s , -12800 , 11.711699
111888 , s , -12800 , 11.741502
111938 , s , -12800 , 11.684999
111988 , s , -12800 , 11.763601
112038 , s , -12800 , 11.746502
112088 , s , -12800 , 11.675598
112138 , s , -12800 , 11.704803
112188 , s , -12800 , 11.747398
112238 , s , -12800 , 11.748199
112288 , s , -12800 , 11.724100
112338 , s , -12800 , 11.684601
112388 , s , -12800 , 11.735300
112438 , s , -12800 , 11.764898
112488 , s , -12800 , 11.752098
112538 , s , -12800 , 11.749398
112588 , s , -12800 , 11.691699
112638 , s , -12800 , 11.705300
112688 , s , -12800 , 11.777000
112738 , s , -12800 , 11.740399
112788 , s , -12800 , 11.675601
112838 , s , -12800 , 11.772300
112888 , s , -12800 , 11.759500
112938 , s , -12800 , 11.705200
112988 , s , -12800 , 11.728600
113038 , s , -12800 , 11.726799
113088 , s , -12800 , 11.757201
113138 , s , -12800 , 11.725899
113188 , s , -12800 , 11.670599
113238 , s , -12800 , 11.714200
113288 , s , -12800 , 11.736101
113338 , s , -12800 , 11.755200
113388 , s , -12800 , 11.734699
113438 , s , -12800 , 11.753201
113488 , s , -12800 , 11.683402
113538 , s , -12800 , 11.765899
113588 , s , -12800 , 11.732800
113638 , s , -12800 , 11.781898
113688 , s , -12800 , 11.770900
113738 , s , -12800 , 11.741500
114467 , s , -13200 , 12.240501
114517 , s , -13200 , 12.279301
114567 , s , -13200 , 12.287500
114617 , s , -13200 , 12.278903
114667 , s , -13200 , 12.229800
114717 , s , -13200 , 12.197500
114767 , s , -13200 , 12.255801
114817 , s , -13200 , 12.183499
114867 , s , -13200 , 12.208202
114917 , s , -13200 , 12.295000
114967 , s , -13200 , 12.223001
115017 , s , -13200 , 12.197201
115067 , s , -13200 , 12.284401
115117 , s , -13200 , 12.252800
115167 , s , -13200 , 12.245901
115217 , s , -13200 , 12.247101
115267 , s , -13200 , 12.210601
115317 , s , -13200 , 12.259098
115367 , s , -13200 , 12.233901
115417 , s , -13200 , 12.264400
115467 , s , -13200 , 12.214200
115517 , s , -13200 , 12.214900
115567 , s , -13200 , 12.249403
115617 , s , -13200 , 12.273999
115667 , s , -13200 , 12.290000
115717 , s , -13200 , 12.205999
115767 , s , -13200 , 12.210798
115817 , s , -13200 , 12.186999
115867 , s , -13200 , 12.209097
115917 , s , -13200 , 12.253803
115967 , s , -13200 , 12.241399
116017 , s , -13200 , 12.247899
116067 , s , -13200 , 12.250000
116117 , s , -13200 , 12.276499
116167 , s , -13200 , 12.307198
116217 , s , -13200 , 12.275700
116267 , s , -13200 , 12.233601
116317 , s , -13200 , 12.234701
116367 , s , -13200 , 12.318801
116417 , s , -13200 , 12.211300
116467 , s , -13200 , 12.308102
117196 , s , -13600 , 12.927600
117246 , s , -13600 , 12.917400
117296 , s , -13600 , 12.970399
117346 , s , -13600 , 12.896302
117396 , s , -13600 , 12.926899
117446 , s , -13600 , 12.900901
117496 , s , -13600 , 12.924299
117546 , s , -13600 , 12.920599
117596 , s , -13600 , 12.886000
117646 , s , -13600 , 12.965301
117696 , s , -13600 , 12.943398
117746 , s , -13600 , 12.947101
117796 , s , -13600 , 12.924799
117846 , s , -13600 , 12.926399
117896 , s , -13600 , 12.903101
117946 , s , -13600 , 12.926201
117996 , s , -13600 , 12.964999
118046 , s , -13600 , 12.881200
118096 , s , -13600 , 12.949499
118146 , s , -13600 , 12.915304
118196 , s , -13600 , 12.999102
118246 , s , -13600 , 12.924099
118296 , s , -13600 , 12.866299
118346 , s , -13600 , 12.997201
118396 , s , -13600 , 12.946600
118446 , s , -13600 , 12.932101
118496 , s , -13600 , 12.933201
118546 , s , -13600 , 12.905099
118596 , s , -13600 , 12.955598
118646 , s , -13600 , 12.944400
118696 , s , -13600 , 12.918899
118746 , s , -13600 , 12.913098
118796 , s , -13600 , 12.990299
118846 , s , -13600 , 12.919202
118896 , s , -13600 , 12.912097
118946 , s , -13600 , 12.916901
118996 , s , -13600 , 12.898399
119046 , s , -13600 , 12.909202
119096 , s , -13600 , 12.906602
119146 , s , -13600 , 12.935202
119196 , s , -13600 , 12.900600
119925 , s , -14000 , 13.515303
119975 , s , -14000 , 13.514698
120025 , s , -14000 , 13.508701
120075 , s , -14000 , 13.541300
120125 , s , -14000 , 13.500200
120175 , s , -14000 , 13.514196
120225 , s , -14000 , 13.552299
120275 , s , -14000 , 13.503999
120325 , s , -14000 , 13.516101
120375 , s , -14000 , 13.509298
120425 , s , -14000 , 13.526201
120475 , s , -14000 , 13.479800
120525 , s , -14000 , 13.456698
120575 , s , -14000 , 13.546800
120625 , s , -14000 , 13.522696
120675 , s , -14000 , 13.503201
120725 , s , -14000 , 13.565001
120775 , s , -14000 , 13.550599
120825 , s , -14000 , 13.480499
120875 , s , -14000 , 13.517501
120925 , s , -14000 , 13.515697
120975 , s , -14000 , 13.500599
121025 , s , -14000 , 13.459201
121075 , s , -14000 , 13.462799
121125 , s , -14000 , 13.509000
121175 , s , -14000 , 13.540200
121225 , s , -14000 , 13.518502
121275 , s , -14000 , 13.511099
121325 , s , -14000 , 13.516801
121375 , s , -14000 , 13.508400
121425 , s , -14000 , 13.545100
121475 , s , -14000 , 13.570901
121525 , s , -14000 , 13.552299
121575 , s , -14000 , 13.508700
121625 , s , -14000 , 13.492599
121675 , s , -14000 , 13.551201
121725 , s , -14000 , 13.501700
121775 , s , -14000 , 13.466698
121825 , s , -14000 , 13.566700
121875 , s , -14000 , 13.484899
121925 , s , -14000 , 13.513100
122654 , s , -14400 , 13.913497
122704 , s , -14400 , 14.016999
122754 , s , -14400 , 14.021196
122804 , s , -14400 , 13.936898
122854 , s , -14400 , 13.975399
122904 , s , -14400 , 14.000498
122954 , s , -14400 , 13.975303
123004 , s , -14400 , 13.934299
123054 , s , -14400 , 13.950501
123104 , s , -14400 , 13.922401
123154 , s , -14400 , 13.979199
123204 , s , -14400 , 13.994999
123254 , s , -14400 , 14.011500
123304 , s , -14400 , 14.028201
123354 , s , -14400 , 13.899600
123404 , s , -14400 , 13.987899
123454 , s , -14400 , 13.971000
123504 , s , -14400 , 13.995000
123554 , s , -14400 , 14.000801
123604 , s , -14400 , 13.947101
123654 , s , -14400 , 14.004700
123704 , s , -14400 , 13.966100
123754 , s , -14400 , 13.926702
123804 , s , -14400 , 13.938801
123854 , s , -14400 , 13.986600
123904 , s , -14400 , 13.941102
123954 , s , -14400 , 14.005998
124004 , s , -14400 , 13.935302
124054 , s , -14400 , 13.958100
124104 , s , -14400 , 13.960599
124154 , s , -14400 , 13.953199
124204 , s , -14400 , 14.024000
124254 , s , -14400 , 13.977102
124304 , s , -14400 , 14.000300
124354 , s , -14400 , 14.001401
124404 , s , -14400 , 13.970098
124454 , s , -14400 , 14.020403
124504 , s , -14400 , 13.951900
124554 , s , -14400 , 14.000601
124604 , s , -14400 , 13.984003
124654 , s , -14400 , 14.008801
125383 , s , -14800 , 14.226498
125433 , s , -14800 , 14.267800
125483 , s , -14800 , 14.249699
125533 , s , -14800 , 14.203800
125583 , s , -14800 , 14.304499
125633 , s , -14800 , 14.232700
125683 , s , -14800 , 14.173099
125733 , s , -14800 , 14.184701
125783 , s , -14800 , 14.319303
125833 , s , -14800 , 14.253901
125883 , s , -14800 , 14.247502
125933 , s , -14800 , 14.238300
125983 , s , -14800 , 14.223498
126033 , s , -14800 , 14.281900
126083 , s , -14800 , 14.160801
126133 , s , -14800 , 14.267002
126183 , s , -14800 , 14.280701
126233 , s , -14800 , 14.198900
126283 , s , -14800 , 14.257700
126333 , s , -14800 , 14.248999
126383 , s , -14800 , 14.240503
126433 , s , -14800 , 14.214897
126483 , s , -14800 , 14.286904
126533 , s , -14800 , 14.233301
126583 , s , -14800 , 14.241300
126633 , s , -14800 , 14.246600
126683 , s , -14800 , 14.198202
126733 , s , -14800 , 14.184099
126783 , s , -14800 , 14.200498
126833 , s , -14800 , 14.250200
126883 , s , -14800 , 14.272297
126933 , s , -14800 , 14.237598
126983 , s , -14800 , 14.248699
127033 , s , -14800 , 14.271601
127083 , s , -14800 , 14.227001
127133 , s , -14800 , 14.195099
127183 , s , -14800 , 14.220699
127233 , s , -14800 , 14.264902
127283 , s , -14800 , 14.199501
127333 , s , -14800 , 14.226604
127383 , s , -14800 , 14.182101
128112 , s , -15200 , 14.376001
128162 , s , -15200 , 14.332400
128212 , s , -15200 , 14.478600
128262 , s , -15200 , 14.459102
128312 , s , -15200 , 14.344501
128362 , s , -15200 , 14.368901
128412 , s , -15200 , 14.389002
128462 , s , -15200 , 14.517503
128512 , s , -15200 , 14.353900
128562 , s , -15200 , 14.383000
128612 , s , -15200 , 14.376403
128662 , s , -15200 , 14.525700
128712 , s , -15200 , 14.378596
128762 , s , -15200 , 14.481704
128812 , s , -15200 , 14.386601
128862 , s , -15200 , 14.400100
128912 , s , -15200 , 14.444799
128962 , s , -15200 , 14.386100
129012 , s , -15200 , 14.425201
129062 , s , -15200 , 14.436200
129112 , s , -15200 , 14.412599
129162 , s , -15200 , 14.432500
129212 , s , -15200 , 14.415301
129262 , s , -15200 , 14.405499
129312 , s , -15200 , 14.438199
129362 , s , -15200 , 14.423800
129412 , s , -15200 , 14.422899
129462 , s , -15200 , 14.421101
129512 , s , -15200 , 14.424802
129562 , s , -15200 , 14.375701
129612 , s , -15200 , 14.339900
129662 , s , -15200 , 14.513497
129712 , s , -15200 , 14.407000
129762 , s , -15200 , 14.389901
129812 , s , -15200 , 14.361399
129862 , s , -15200 , 14.491802
129912 , s , -15200 , 14.389500
129962 , s , -15200 , 14.405299
130012 , s , -15200 , 14.419202
130062 , s , -15200 , 14.331499
130112 , s , -15200 , 14.349702
130841 , s , -15600 , 14.766400
130891 , s , -15600 , 14.759697
130941 , s , -15600 , 14.778501
130991 , s , -15600 , 14.862598
131041 , s , -15600 , 14.830498
131091 , s , -15600 , 14.781798
131141 , s , -15600 , 14.796199
131191 , s , -15600 , 14.872602
131241 , s , -15600 , 14.760700
131291 , s , -15600 , 14.861600
131341 , s , -15600 , 14.816398
131391 , s , -15600 , 14.825101
131441 , s , -15600 , 14.808302
131491 , s , -15600 , 14.775399
131541 , s , -15600 , 14.814598
131591 , s , -15600 , 14.819099
131641 , s , -15600 , 14.840399
131691 , s , -15600 , 14.845301
131741 , s , -15600 , 14.727100
131791 , s , -15600 , 14.797297
131841 , s , -15600 , 14.838898
131891 , s , -15600 , 14.841000
131941 , s , -15600 , 14.823099
131991 , s , -15600 , 14.838600
132041 , s , -15600 , 14.776698
132091 , s , -15600 , 14.827999
132141 , s , -15600 , 14.794800
132191 , s , -15600 , 14.757499
132241 , s , -15600 , 14.754498
132291 , s , -15600 , 14.794001
132341 , s , -15600 , 14.845000
132391 , s , -15600 , 14.893001
132441 , s , -15600 , 14.817597
132491 , s , -15600 , 14.838698
132541 , s , -15600 , 14.836200
132591 , s , -15600 , 14.776699
132641 , s , -15600 , 14.839902
132691 , s , -15600 , 14.786503
132741 , s , -15600 , 14.828897
132791 , s , -15600 , 14.732301
132841 , s , -15600 , 14.794700
133570 , s , -16000 , 15.256199
133620 , s , -16000 , 15.293801
133670 , s , -16000 , 15.225098
133720 , s , -16000 , 15.272596
133770 , s , -16000 , 15.216098
133820 , s , -16000 , 15.245101
133870 , s , -16000 , 15.271998
133920 , s , -16000 , 15.211703
133970 , s , -16000 , 15.308100
134020 , s , -16000 , 15.238300
134070 , s , -16000 , 15.241299
134120 , s , -16000 , 15.271001
134170 , s , -16000 , 15.232300
134220 , s , -16000 , 15.347899
134270 , s , -16000 , 15.258803
134320 , s , -16000 , 15.228498
134370 , s , -16000 , 15.243299
134420 , s , -16000 , 15.178400
134470 , s , -16000 , 15.248499
134520 , s , -16000 , 15.281902
134570 , s , -16000 , 15.222797
134620 , s , -16000 , 15.352597
134670 , s , -16000 , 15.215899
134720 , s , -16000 , 15.260900
134770 , s , -16000 , 15.266104
134820 , s , -16000 , 15.230899
134870 , s , -16000 , 15.288202
134920 , s , -16000 , 15.247602
134970 , s , -16000 , 15.215702
135020 , s , -16000 , 15.253399
135070 , s , -16000 , 15.239998
135120 , s , -16000 , 15.268898
135170 , s , -16000 , 15.284800
135220 , s , -16000 , 15.358603
135270 , s , -16000 , 15.241700
135320 , s , -16000 , 15.290299
135370 , s , -16000 , 15.271200
135420 , s , -16000 , 15.334203
135470 , s , -16000 , 15.242600
135520 , s , -16000 , 15.305799
135570 , s , -16000 , 15.326001
136601 , s , -16800 , 16.332399
136651 , s , -16800 , 16.361998
136701 , s , -16800 , 16.394903
136751 , s , -16800 , 16.218500
136801 , s , -16800 , 16.297400
136851 , s , -16800 , 16.289898
136901 , s , -16800 , 16.370502
136951 , s , -16800 , 16.260698
137001 , s , -16800 , 16.281000
137051 , s , -16800 , 16.341999
137101 , s , -16800 , 16.340605
137151 , s , -16800 , 16.305601
137201 , s , -16800 , 16.316402
137251 , s , -16800 , 16.289600
137301 , s , -16800 , 16.283800
137351 , s , -16800 , 16.325901
137401 , s , -16800 , 16.331898
137451 , s , -16800 , 16.278198
137501 , s , -16800 , 16.322598
137551 , s , -16800 , 16.316601
137601 , s , -16800 , 16.279799
137651 , s , -16800 , 16.382200
137701 , s , -16800 , 16.216499
137751 , s , -16800 , 16.337399
137801 , s , -16800 , 16.343998
137851 , s , -16800 , 16.293798
137901 , s , -16800 , 16.355299
137951 , s , -16800 , 16.360800
138001 , s , -16800 , 16.403902
138051 , s , -16800 , 16.309097
138101 , s , -16800 , 16.352301
138151 , s , -16800 , 16.312302
138201 , s , -16800 , 16.407198
138251 , s , -16800 , 16.368500
138301 , s , -16800 , 16.335999
138351 , s , -16800 , 16.347998
138401 , s , -16800 , 16.289301
138451 , s , -16800 , 16.297401
138501 , s , -16800 , 16.380899
138551 , s , -16800 , 16.392700
138601 , s , -16800 , 16.344299
139632 , s , -17600 , 17.229498
139682 , s , -17600 , 17.275595
139732 , s , -17600 , 17.155499
139782 , s , -17600 , 17.221300
139832 , s , -17600 , 17.313801
139882 , s , -17600 , 17.241497
139932 , s , -17600 , 17.281698
139982 , s , -17600 , 17.165298
140032 , s , -17600 , 17.314102
140082 , s , -17600 , 17.333200
140132 , s , -17600 , 17.288996
140182 , s , -17600 , 17.257999
140232 , s , -17600 , 17.251699
140282 , s , -17600 , 17.181999
140332 , s , -17600 , 17.228298
140382 , s , -17600 , 17.292501
140432 , s , -17600 , 17.276100
140482 , s , -17600 , 17.277802
140532 , s , -17600 , 17.296703
140582 , s , -17600 , 17.184301
140632 , s , -17600 , 17.267702
140682 , s , -17600 , 17.294100
140732 , s , -17600 , 17.256401
140782 , s , -17600 , 17.189802
140832 , s , -17600 , 17.267200
140882 , s , -17600 , 17.304001
140932 , s , -17600 , 17.269804
140982 , s , -17600 , 17.225599
141032 , s , -17600 , 17.211302
141082 , s , -17600 , 17.343002
141132 , s , -17600 , 17.279196
141182 , s , -17600 , 17.257200
141232 , s , -17600 , 17.219202
141282 , s , -17600 , 17.311197
141332 , s , -17600 , 17.328600
141382 , s , -17600 , 17.221298
141432 , s , -17600 , 17.235603
141482 , s , -17600 , 17.229702
141532 , s , -17600 , 17.232700
141582 , s , -17600 , 17.228701
141632 , s , -17600 , 17.294502
142663 , s , -18400 , 17.797501
142713 , s , -18400 , 17.875202
142763 , s , -18400 , 17.831594
142813 , s , -18400 , 17.864799
142863 , s , -18400 , 17.825403
142913 , s , -18400 , 17.906099
142963 , s , -18400 , 17.840300
143013 , s , -18400 , 17.842602
143063 , s , -18400 , 17.884199
143113 , s , -18400 , 17.884899
143163 , s , -18400 , 17.864100
143213 , s , -18400 , 17.845903
143263 , s , -18400 , 17.816399
143313 , s , -18400 , 17.841600
143363 , s , -18400 , 17.912701
143413 , s , -18400 , 17.742901
143463 , s , -18400 , 17.787701
143513 , s , -18400 , 17.773497
143563 , s , -18400 , 17.895702
143613 , s , -18400 , 17.945599
143663 , s , -18400 , 17.947203
143713 , s , -18400 , 17.914001
143763 , s , -18400 , 17.943499
143813 , s , -18400 , 17.872902
143863 , s , -18400 , 17.871403
143913 , s , -18400 , 17.875099
143963 , s , -18400 , 17.801302
144013 , s , -18400 , 17.904600
144063 , s , -18400 , 17.939003
144113 , s , -18400 , 17.818804
144163 , s , -18400 , 17.792500
144213 , s , -18400 , 17.853901
144263 , s , -18400 , 17.873499
144313 , s , -18400 , 17.991600
144363 , s , -18400 , 17.835396
144413 , s , -18400 , 17.847101
144463 , s , -18400 , 17.847799
144513 , s , -18400 , 17.838902
144563 , s , -18400 , 17.878500
144613 , s , -18400 , 17.870699
144663 , s , -18400 , 17.808701
145694 , s , -19200 , 18.632000
145744 , s , -19200 , 18.584898
145794 , s , -19200 , 18.636795
145844 , s , -19200 , 18.693304
145894 , s , -19200 , 18.685999
145944 , s , -19200 , 18.670498
145994 , s , -19200 , 18.646797
146044 , s , -19200 , 18.627300
146094 , s , -19200 , 18.627800
146144 , s , -19200 , 18.604799
146194 , s , -19200 , 18.552298
146244 , s , -19200 , 18.607901
146294 , s , -19200 , 18.616199
146344 , s , -19200 , 18.673599
146394 , s , -19200 , 18.673996
146444 , s , -19200 , 18.678204
146494 , s , -19200 , 18.681299
146544 , s , -19200 , 18.552799
146594 , s , -19200 , 18.700401
146644 , s , -19200 , 18.538002
146694 , s , -19200 , 18.652899
146744 , s , -19200 , 18.710495
146794 , s , -19200 , 18.546299
146844 , s , -19200 , 18.634296
146894 , s , -19200 , 18.763700
146944 , s , -19200 , 18.672003
146994 , s , -19200 , 18.588896
147044 , s , -19200 , 18.561499
147094 , s , -19200 , 18.684704
147144 , s , -19200 , 18.561399
147194 , s , -19200 , 18.672001
147244 , s , -19200 , 18.730701
147294 , s , -19200 , 18.638798
147344 , s , -19200 , 18.586803
147394 , s , -19200 , 18.504202
147444 , s , -19200 , 18.533800
147494 , s , -19200 , 18.625799
147544 , s , -19200 , 18.630600
147594 , s , -19200 , 18.658697
147644 , s , -19200 , 18.672905
147694 , s , -19200 , 18.638300
148725 , s , -20000 , 19.321199
148775 , s , -20000 , 19.205297
148825 , s , -20000 , 19.345600
148875 , s , -20000 , 19.423100
148925 , s , -20000 , 19.326199
148975 , s , -20000 , 19.520397
149025 , s , -20000 , 19.383299
149075 , s , -20000 , 19.394098
149125 , s , -20000 , 19.398897
149175 , s , -20000 , 19.418602
149225 , s , -20000 , 19.337601
149275 , s , -20000 , 19.407600
149325 , s , -20000 , 19.405699
149375 , s , -20000 , 19.473999
149425 , s , -20000 , 19.280201
149475 , s , -20000 , 19.447603
149525 , s , -20000 , 19.370499
149575 , s , -20000 , 19.315100
149625 , s , -20000 , 19.316502
149675 , s , -20000 , 19.341501
149725 , s , -20000 , 19.428499
149775 , s , -20000 , 19.310402
149825 , s , -20000 , 19.298298
149875 , s , -20000 , 19.410297
149925 , s , -20000 , 19.391800
149975 , s , -20000 , 19.416599
150025 , s , -20000 , 19.405499
150075 , s , -20000 , 19.351900
150125 , s , -20000 , 19.376801
150175 , s , -20000 , 19.349199
150225 , s , -20000 , 19.373901
150275 , s , -20000 , 19.298800
150325 , s , -20000 , 19.347698
150375 , s , -20000 , 19.401899
150425 , s , -20000 , 19.390497
150475 , s , -20000 , 19.407202
150525 , s , -20000 , 19.343103
150575 , s , -20000 , 19.394199
150625 , s , -20000 , 19.383600
150675 , s , -20000 , 19.331402
150725 , s , -20000 , 19.353104
151756 , s , -20800 , 20.137297
151806 , s , -20800 , 20.059801
151856 , s , -20800 , 20.060202
151906 , s , -20800 , 20.115301
151956 , s , -20800 , 20.149799
152006 , s , -20800 , 20.208900
152056 , s , -20800 , 20.160595
152106 , s , -20800 , 20.061302
152156 , s , -20800 , 20.073599
152206 , s , -20800 , 20.145300
152256 , s , -20800 , 20.209303
152306 , s , -20800 , 19.991402
152356 , s , -20800 , 20.174999
152406 , s , -20800 , 20.094799
152456 , s , -20800 , 20.082800
152506 , s , -20800 , 20.071899
152556 , s , -20800 , 20.085699
152606 , s , -20800 , 20.079401
152656 , s , -20800 , 19.994501
152706 , s , -20800 , 20.222202
152756 , s , -20800 , 20.133999
152806 , s , -20800 , 20.218498
152856 , s , -20800 , 20.172499
152906 , s , -20800 , 20.103001
152956 , s , -20800 , 20.019800
153006 , s , -20800 , 20.090302
153056 , s , -20800 , 20.130001
153106 , s , -20800 , 20.141098
153156 , s , -20800 , 20.042702
153206 , s , -20800 , 20.110201
153256 , s , -20800 , 20.125298
153306 , s , -20800 , 20.139801
153356 , s , -20800 , 20.157600
153406 , s , -20800 , 20.116302
153456 , s , -20800 , 20.147001
153506 , s , -20800 , 20.030600
153556 , s , -20800 , 20.217796
153606 , s , -20800 , 20.170801
153656 , s , -20800 , 20.209696
153706 , s , -20800 , 20.182697
153756 , s , -20800 , 20.158899
154787 , s , -21600 , 20.675901
154837 , s , -21600 , 20.872198
154887 , s , -21600 , 20.745901
154937 , s , -21600 , 20.850801
154987 , s , -21600 , 20.695301
155037 , s , -21600 , 20.725103
155087 , s , -21600 , 20.829201
155137 , s , -21600 , 20.845901
155187 , s , -21600 , 20.836004
155237 , s , -21600 , 20.771399
155287 , s , -21600 , 20.801702
155337 , s , -21600 , 20.677301
155387 , s , -21600 , 20.747803
155437 , s , -21600 , 20.746702
155487 , s , -21600 , 20.653399
155537 , s , -21600 , 20.768898
155587 , s , -21600 , 20.777498
155637 , s , -21600 , 20.736502
155687 , s , -21600 , 20.749500
155737 , s , -21600 , 20.934698
155787 , s , -21600 , 20.747597
155837 , s , -21600 , 20.710495
155887 , s , -21600 , 20.807600
155937 , s , -21600 , 20.770603
155987 , s , -21600 , 20.873501
156037 , s , -21600 , 20.803200
156087 , s , -21600 , 20.765802
156137 , s , -21600 , 20.828098
156187 , s , -21600 , 20.827904
156237 , s , -21600 , 20.788698
156287 , s , -21600 , 20.792103
156337 , s , -21600 , 20.748398
156387 , s , -21600 , 20.843199
156437 , s , -21600 , 20.739799
156487 , s , -21600 , 20.771202
156537 , s , -21600 , 20.749502
156587 , s , -21600 , 20.855801
156637 , s , -21600 , 20.725201
156687 , s , -21600 , 20.755196
156737 , s , -21600 , 20.799301
156787 , s , -21600 , 20.783403
157818 , s , -22400 , 21.389999
157868 , s , -22400 , 21.459997
157918 , s , -22400 , 21.456900
157968 , s , -22400 , 21.404600
158018 , s , -22400 , 21.413698
158068 , s , -22400 , 21.408796
158118 , s , -22400 , 21.460903
158168 , s , -22400 , 21.581398
158218 , s , -22400 , 21.553005
158268 , s , -22400 , 21.571100
158318 , s , -22400 , 21.504400
158368 , s , -22400 , 21.492897
158418 , s , -22400 , 21.545898
158468 , s , -22400 , 21.431496
158518 , s , -22400 , 21.402203
158568 , s , -22400 , 21.420799
158618 , s , -22400 , 21.500904
158668 , s , -22400 , 21.546001
158718 , s , -22400 , 21.490601
158768 , s , -22400 , 21.485102
158818 , s , -22400 , 21.463202
158868 , s , -22400 , 21.471399
158918 , s , -22400 , 21.443300
158968 , s , -22400 , 21.491999
159018 , s , -22400 , 21.601002
159068 , s , -22400 , 21.462200
159118 , s , -22400 , 21.489601
159168 , s , -22400 , 21.470501
159218 , s , -22400 , 21.465200
159268 , s , -22400 , 21.489700
159318 , s , -22400 , 21.441401
159368 , s , -22400 , 21.470999
159418 , s , -22400 , 21.431696
159468 , s , -22400 , 21.521303
159518 , s , -22400 , 21.520201
159568 , s , -22400 , 21.412205
159618 , s , -22400 , 21.413996
159668 , s , -22400 , 21.422697
159718 , s , -22400 , 21.503000
159768 , s , -22400 , 21.449200
159818 , s , -22400 , 21.493999
160849 , s , -23200 , 22.235790
160899 , s , -23200 , 22.369802
160949 , s , -23200 , 22.330799
160999 , s , -23200 , 22.355095
161049 , s , -23200 , 22.251299
161099 , s , -23200 , 22.233397
161149 , s , -23200 , 22.288202
161199 , s , -23200 , 22.216198
161249 , s , -23200 , 22.224602
161299 , s , -23200 , 22.244095
161349 , s , -23200 , 22.307697
161399 , s , -23200 , 22.337196
161449 , s , -23200 , 22.302597
161499 , s , -23200 , 22.213001
161549 , s , -23200 , 22.338999
161599 , s , -23200 , 22.222502
161649 , s , -23200 , 22.388100
161699 , s , -23200 , 22.320496
161749 , s , -23200 , 22.250200
161799 , s , -23200 , 22.164400
161849 , s , -23200 , 22.272598
161899 , s , -23200 , 22.263298
161949 , s , -23200 , 22.292400
161999 , s , -23200 , 22.244202
162049 , s , -23200 , 22.216799
162099 , s , -23200 , 22.298700
162149 , s , -23200 , 22.327099
162199 , s , -23200 , 22.242599
162249 , s , -23200 , 22.305801
162299 , s , -23200 , 22.275103
162349 , s , -23200 , 22.182497
162399 , s , -23200 , 22.213501
162449 , s , -23200 , 22.165705
162499 , s , -23200 , 22.281898
162549 , s , -23200 , 22.339199
162599 , s , -23200 , 22.367605
162649 , s , -23200 , 22.317001
162699 , s , -23200 , 22.253799
162749 , s , -23200 , 22.332502
162799 , s , -23200 , 22.345098
162849 , s , -23200 , 22.101597
163880 , s , -24000 , 22.878803
163930 , s , -24000 , 22.996794
163980 , s , -24000 , 22.909101
164030 , s , -24000 , 22.929899
164080 , s , -24000 , 23.044897
164130 , s , -24000 , 22.978996
164180 , s , -24000 , 22.931902
164230 , s , -24000 , 22.792095
164280 , s , -24000 , 22.997299
164330 , s , -24000 , 22.920698
164380 , s , -24000 , 23.052700
164430 , s , -24000 , 22.995300
164480 , s , -24000 , 22.857397
164530 , s , -24000 , 22.939602
164580 , s , -24000 , 23.014198
164630 , s , -24000 , 22.928900
164680 , s , -24000 , 23.054104
164730 , s , -24000 , 23.111902
164780 , s , -24000 , 23.001299
164830 , s , -24000 , 23.003401
164880 , s , -24000 , 22.938601
164930 , s , -24000 , 22.932497
164980 , s , -24000 , 23.039602
165030 , s , -24000 , 23.024399
165080 , s , -24000 , 22.929602
165130 , s , -24000 , 23.025806
165180 , s , -24000 , 22.925501
165230 , s , -24000 , 22.934099
165280 , s , -24000 , 22.962299
165330 , s , -24000 , 23.063200
165380 , s , -24000 , 22.970800
165430 , s , -24000 , 23.101997
165480 , s , -24000 , 22.919399
165530 , s , -24000 , 22.921499
165580 , s , -24000 , 22.891304
165630 , s , -24000 , 22.982599
165680 , s , -24000 , 23.002800
165730 , s , -24000 , 22.910500
165780 , s , -24000 , 23.043001
165830 , s , -24000 , 22.995699
165880 , s , -24000 , 22.993498
166911 , s , -24800 , 23.613998
166961 , s , -24800 , 23.619299
167011 , s , -24800 , 23.654600
167061 , s , -24800 , 23.550398
167111 , s , -24800 , 23.535500
167161 , s , -24800 , 23.674002
167211 , s , -24800 , 23.554800
167261 , s , -24800 , 23.534897
167311 , s , -24800 , 23.575800
167361 , s , -24800 , 23.488804
167411 , s , -24800 , 23.548498
167461 , s , -24800 , 23.566404
167511 , s , -24800 , 23.676702
167561 , s , -24800 , 23.521797
167611 , s , -24800 , 23.686602
167661 , s , -24800 , 23.635998
167711 , s , -24800 , 23.660603
167761 , s , -24800 , 23.576702
167811 , s , -24800 , 23.623098
167861 , s , -24800 , 23.550703
167911 , s , -24800 , 23.689404
167961 , s , -24800 , 23.526104
168011 , s , -24800 , 23.530800
168061 , s , -24800 , 23.539600
168111 , s , -24800 , 23.637794
168161 , s , -24800 , 23.607403
168211 , s , -24800 , 23.589703
168261 , s , -24800 , 23.681805
168311 , s , -24800 , 23.615101
168361 , s , -24800 , 23.555698
168411 , s , -24800 , 23.556196
168461 , s , -24800 , 23.624199
168511 , s , -24800 , 23.523701
168561 , s , -24800 , 23.516098
168611 , s , -24800 , 23.570601
168661 , s , -24800 , 23.585304
168711 , s , -24800 , 23.613300
168761 , s , -24800 , 23.607599
168811 , s , -24800 , 23.551498
168861 , s , -24800 , 23.567595
168911 , s , -24800 , 23.506302
169942 , s , -25600 , 24.362398
169992 , s , -25600 , 24.451300
170042 , s , -25600 , 24.338402
170092 , s , -25600 , 24.359596
170142 , s , -25600 , 24.344698
170192 , s , -25600 , 24.414095
170242 , s , -25600 , 24.258099
170292 , s , -25600 , 24.497696
170342 , s , -25600 , 24.466999
170392 , s , -25600 , 24.309599
170442 , s , -25600 , 24.253801
170492 , s , -25600 , 24.390997
170542 , s , -25600 , 24.319294
170592 , s , -25600 , 24.342606
170642 , s , -25600 , 24.301897
170692 , s , -25600 , 24.315197
170742 , s , -25600 , 24.298704
170792 , s , -25600 , 24.454002
170842 , s , -25600 , 24.317394
170892 , s , -25600 , 24.437996
170942 , s , -25600 , 24.311201
170992 , s , -25600 , 24.377598
171042 , s , -25600 , 24.451401
171092 , s , -25600 , 24.409800
171142 , s , -25600 , 24.432398
171192 , s , -25600 , 24.402599
171242 , s , -25600 , 24.332003
171292 , s , -25600 , 24.309196
171342 , s , -25600 , 24.334499
171392 , s , -25600 , 24.354607
171442 , s , -25600 , 24.456001
171492 , s , -25600 , 24.351002
171542 , s , -25600 , 24.340099
171592 , s , -25600 , 24.414898
171642 , s , -25600 , 24.361401
171692 , s , -25600 , 24.414301
171742 , s , -25600 , 24.412895
171792 , s , -25600 , 24.304697
171842 , s , -25600 , 24.390099
171892 , s , -25600 , 24.384300
171942 , s , -25600 , 24.440807
172973 , s , -26400 , 24.960108
173023 , s , -26400 , 24.943199
173073 , s , -26400 , 24.930601
173123 , s , -26400 , 24.956100
173173 , s , -26400 , 24.982903
173223 , s , -26400 , 24.915400
173273 , s , -26400 , 25.001398
173323 , s , -26400 , 25.105200
173373 , s , -26400 , 24.966499
173423 , s , -26400 , 25.088900
173473 , s , -26400 , 24.946497
173523 , s , -26400 , 24.923201
173573 , s , -26400 , 25.051804
173623 , s , -26400 , 25.051098
173673 , s , -26400 , 25.055601
173723 , s , -26400 , 25.130999
173773 , s , -26400 , 24.999599
173823 , s , -26400 , 24.927902
173873 , s , -26400 , 24.891695
173923 , s , -26400 , 25.003201
173973 , s , -26400 , 25.029602
174023 , s , -26400 , 24.883400
174073 , s , -26400 , 25.118296
174123 , s , -26400 , 24.965605
174173 , s , -26400 , 25.099897
174223 , s , -26400 , 24.994001
174273 , s , -26400 , 25.050396
174323 , s , -26400 , 25.003201
174373 , s , -26400 , 25.059399
174423 , s , -26400 , 25.038702
174473 , s , -26400 , 25.003096
174523 , s , -26400 , 24.997297
174573 , s , -26400 , 25.035200
174623 , s , -26400 , 25.047400
174673 , s , -26400 , 25.104097
174723 , s , -26400 , 25.048801
174773 , s , -26400 , 25.024199
174823 , s , -26400 , 25.036098
174873 , s , -26400 , 25.043097
174923 , s , -26400 , 25.058096
174973 , s , -26400 , 25.029900
176004 , s , -27200 , 25.723999
176054 , s , -27200 , 25.723200
176104 , s , -27200 , 25.771296
176154 , s , -27200 , 25.750299
176204 , s , -27200 , 25.663101
176254 , s , -27200 , 25.712397
176304 , s , -27200 , 25.688902
176354 , s , -27200 , 25.791597
176404 , s , -27200 , 25.745195
176454 , s , -27200 , 25.724699
176504 , s , -27200 , 25.692802
176554 , s , -27200 , 25.668406
176604 , s , -27200 , 25.665300
176654 , s , -27200 , 25.804598
176704 , s , -27200 , 25.659002
176754 , s , -27200 , 25.806101
176804 , s , -27200 , 25.795998
176854 , s , -27200 , 25.677906
176904 , s , -27200 , 25.794802
176954 , s , -27200 , 25.699995
177004 , s , -27200 , 25.695702
177054 , s , -27200 , 25.774500
177104 , s , -27200 , 25.665899
177154 , s , -27200 , 25.587099
177204 , s , -27200 , 25.700998
177254 , s , -27200 , 25.614101
177304 , s , -27200 , 25.745600
177354 , s , -27200 , 25.700500
177404 , s , -27200 , 25.749197
177454 , s , -27200 , 25.783997
177504 , s , -27200 , 25.700903
177554 , s , -27200 , 25.696199
177604 , s , -27200 , 25.802000
177654 , s , -27200 , 25.701101
177704 , s , -27200 , 25.792803
177754 , s , -27200 , 25.619997
177804 , s , -27200 , 25.731396
177854 , s , -27200 , 25.681101
177904 , s , -27200 , 25.559904
177954 , s , -27200 , 25.674795
178004 , s , -27200 , 25.695297