time_ms , sensor , currpos , mflow
29749 , b , -400 , 0.000000
29799 , b , -400 , 0.000000
29849 , b , -400 , 0.003333
29899 , b , -400 , 0.002667
29949 , b , -400 , 0.000000
29999 , b , -400 , 0.001333
30049 , b , -400 , 0.002667
30099 , b , -400 , 0.001333
30149 , b , -400 , 0.002667
30199 , b , -400 , 0.000667
30249 , b , -400 , 0.000667
30299 , b , -400 , 0.002000
30349 , b , -400 , 0.000000
30399 , b , -400 , 0.002000
30449 , b , -400 , 0.001333
30499 , b , -400 , 0.001333
30549 , b , -400 , 0.000667
30599 , b , -400 , 0.000000
30649 , b , -400 , 0.004000
30699 , b , -400 , 0.002667
30749 , b , -400 , 0.001333
30799 , b , -400 , 0.000667
30849 , b , -400 , 0.004000
30899 , b , -400 , 0.000667
30949 , b , -400 , 0.003333
30999 , b , -400 , 0.001333
31049 , b , -400 , 0.002000
31099 , b , -400 , 0.002000
31149 , b , -400 , 0.002667
31199 , b , -400 , 0.002000
31249 , b , -400 , 0.000000
31299 , b , -400 , 0.000667
31349 , b , -400 , 0.000667
31399 , b , -400 , 0.000667
31449 , b , -400 , 0.002000
31499 , b , -400 , 0.000667
31549 , b , -400 , 0.000667
31599 , b , -400 , 0.002000
31649 , b , -400 , 0.002000
31699 , b , -400 , 0.002000
31749 , b , -400 , -0.002667
32478 , b , -800 , 0.032667
32528 , b , -800 , 0.030667
32578 , b , -800 , 0.030000
32628 , b , -800 , 0.032667
32678 , b , -800 , 0.030667
32728 , b , -800 , 0.030667
32778 , b , -800 , 0.026667
32828 , b , -800 , 0.028667
32878 , b , -800 , 0.030667
32928 , b , -800 , 0.028667
32978 , b , -800 , 0.030000
33028 , b , -800 , 0.027333
33078 , b , -800 , 0.029333
33128 , b , -800 , 0.029333
33178 , b , -800 , 0.028000
33228 , b , -800 , 0.030667
33278 , b , -800 , 0.029333
33328 , b , -800 , 0.030667
33378 , b , -800 , 0.028000
33428 , b , -800 , 0.031333
33478 , b , -800 , 0.027333
33528 , b , -800 , 0.028000
33578 , b , -800 , 0.029333
33628 , b , -800 , 0.031333
33678 , b , -800 , 0.028667
33728 , b , -800 , 0.032000
33778 , b , -800 , 0.029333
33828 , b , -800 , 0.030667
33878 , b , -800 , 0.031333
33928 , b , -800 , 0.028667
33978 , b , -800 , 0.029333
34028 , b , -800 , 0.030000
34078 , b , -800 , 0.029333
34128 , b , -800 , 0.030000
34178 , b , -800 , 0.030667
34228 , b , -800 , 0.030000
34278 , b , -800 , 0.030000
34328 , b , -800 , 0.029333
34378 , b , -800 , 0.032000
34428 , b , -800 , 0.031333
34478 , b , -800 , 0.030000
35207 , b , -1200 , 0.142000
35257 , b , -1200 , 0.140667
35307 , b , -1200 , 0.142000
35357 , b , -1200 , 0.140000
35407 , b , -1200 , 0.140000
35457 , b , -1200 , 0.140000
35507 , b , -1200 , 0.144000
35557 , b , -1200 , 0.142667
35607 , b , -1200 , 0.140667
35657 , b , -1200 , 0.144667
35707 , b , -1200 , 0.141333
35757 , b , -1200 , 0.136667
35807 , b , -1200 , 0.142000
35857 , b , -1200 , 0.146667
35907 , b , -1200 , 0.139333
35957 , b , -1200 , 0.145333
36007 , b , -1200 , 0.142000
36057 , b , -1200 , 0.142000
36107 , b , -1200 , 0.143333
36157 , b , -1200 , 0.144667
36207 , b , -1200 , 0.142667
36257 , b , -1200 , 0.146000
36307 , b , -1200 , 0.141333
36357 , b , -1200 , 0.143333
36407 , b , -1200 , 0.142667
36457 , b , -1200 , 0.141333
36507 , b , -1200 , 0.140667
36557 , b , -1200 , 0.143333
36607 , b , -1200 , 0.138000
36657 , b , -1200 , 0.141333
36707 , b , -1200 , 0.144667
36757 , b , -1200 , 0.144000
36807 , b , -1200 , 0.144667
36857 , b , -1200 , 0.143333
36907 , b , -1200 , 0.144000
36957 , b , -1200 , 0.143333
37007 , b , -1200 , 0.140667
37057 , b , -1200 , 0.141333
37107 , b , -1200 , 0.144667
37157 , b , -1200 , 0.142667
37207 , b , -1200 , 0.141333
37936 , b , -1600 , 0.394000
37986 , b , -1600 , 0.396000
38036 , b , -1600 , 0.394000
38086 , b , -1600 , 0.396666
38136 , b , -1600 , 0.393333
38186 , b , -1600 , 0.393333
38236 , b , -1600 , 0.395333
38286 , b , -1600 , 0.394000
38336 , b , -1600 , 0.394667
38386 , b , -1600 , 0.395333
38436 , b , -1600 , 0.393333
38486 , b , -1600 , 0.391333
38536 , b , -1600 , 0.395333
38586 , b , -1600 , 0.393333
38636 , b , -1600 , 0.392667
38686 , b , -1600 , 0.393333
38736 , b , -1600 , 0.393333
38786 , b , -1600 , 0.394667
38836 , b , -1600 , 0.393333
38886 , b , -1600 , 0.394000
38936 , b , -1600 , 0.394000
38986 , b , -1600 , 0.397333
39036 , b , -1600 , 0.396666
39086 , b , -1600 , 0.396666
39136 , b , -1600 , 0.392000
39186 , b , -1600 , 0.395333
39236 , b , -1600 , 0.395333
39286 , b , -1600 , 0.394667
39336 , b , -1600 , 0.394667
39386 , b , -1600 , 0.396666
39436 , b , -1600 , 0.394667
39486 , b , -1600 , 0.393333
39536 , b , -1600 , 0.394667
39586 , b , -1600 , 0.395333
39636 , b , -1600 , 0.394000
39686 , b , -1600 , 0.394667
39736 , b , -1600 , 0.392667
39786 , b , -1600 , 0.397333
39836 , b , -1600 , 0.396000
39886 , b , -1600 , 0.396000
39936 , b , -1600 , 0.394667
40665 , b , -2000 , 0.716000
40715 , b , -2000 , 0.712000
40765 , b , -2000 , 0.719334
40815 , b , -2000 , 0.722000
40865 , b , -2000 , 0.723334
40915 , b , -2000 , 0.726000
40965 , b , -2000 , 0.724667
41015 , b , -2000 , 0.724667
41065 , b , -2000 , 0.722000
41115 , b , -2000 , 0.726667
41165 , b , -2000 , 0.722000
41215 , b , -2000 , 0.723334
41265 , b , -2000 , 0.725334
41315 , b , -2000 , 0.725334
41365 , b , -2000 , 0.720000
41415 , b , -2000 , 0.724000
41465 , b , -2000 , 0.722667
41515 , b , -2000 , 0.725334
41565 , b , -2000 , 0.725334
41615 , b , -2000 , 0.729334
41665 , b , -2000 , 0.728667
41715 , b , -2000 , 0.725334
41765 , b , -2000 , 0.728667
41815 , b , -2000 , 0.726667
41865 , b , -2000 , 0.726667
41915 , b , -2000 , 0.724000
41965 , b , -2000 , 0.724667
42015 , b , -2000 , 0.726000
42065 , b , -2000 , 0.723334
42115 , b , -2000 , 0.728667
42165 , b , -2000 , 0.726667
42215 , b , -2000 , 0.726667
42265 , b , -2000 , 0.726667
42315 , b , -2000 , 0.726000
42365 , b , -2000 , 0.728000
42415 , b , -2000 , 0.729334
42465 , b , -2000 , 0.725334
42515 , b , -2000 , 0.726667
42565 , b , -2000 , 0.724000
42615 , b , -2000 , 0.727334
42665 , b , -2000 , 0.727334
43394 , b , -2400 , 0.958667
43444 , b , -2400 , 0.966000
43494 , b , -2400 , 0.967334
43544 , b , -2400 , 0.964000
43594 , b , -2400 , 0.965334
43644 , b , -2400 , 0.969334
43694 , b , -2400 , 0.967334
43744 , b , -2400 , 0.966000
43794 , b , -2400 , 0.976667
43844 , b , -2400 , 0.968667
43894 , b , -2400 , 0.970000
43944 , b , -2400 , 0.967334
43994 , b , -2400 , 0.966667
44044 , b , -2400 , 0.966667
44094 , b , -2400 , 0.972667
44144 , b , -2400 , 0.969334
44194 , b , -2400 , 0.967334
44244 , b , -2400 , 0.966000
44294 , b , -2400 , 0.960667
44344 , b , -2400 , 0.968000
44394 , b , -2400 , 0.966667
44444 , b , -2400 , 0.971333
44494 , b , -2400 , 0.966667
44544 , b , -2400 , 0.969334
44594 , b , -2400 , 0.970667
44644 , b , -2400 , 0.968000
44694 , b , -2400 , 0.966667
44744 , b , -2400 , 0.967334
44794 , b , -2400 , 0.968000
44844 , b , -2400 , 0.966667
44894 , b , -2400 , 0.968000
44944 , b , -2400 , 0.968667
44994 , b , -2400 , 0.983333
45044 , b , -2400 , 0.966667
45094 , b , -2400 , 0.976667
45144 , b , -2400 , 0.968000
45194 , b , -2400 , 0.970667
45244 , b , -2400 , 0.972000
45294 , b , -2400 , 0.965333
45344 , b , -2400 , 0.965334
45394 , b , -2400 , 0.970667
46123 , b , -2800 , 1.263333
46173 , b , -2800 , 1.271333
46223 , b , -2800 , 1.260000
46273 , b , -2800 , 1.223334
46323 , b , -2800 , 1.234000
46373 , b , -2800 , 1.211334
46423 , b , -2800 , 1.185334
46473 , b , -2800 , 1.331333
46523 , b , -2800 , 1.270000
46573 , b , -2800 , 1.270000
46623 , b , -2800 , 1.202000
46673 , b , -2800 , 1.248000
46723 , b , -2800 , 1.267333
46773 , b , -2800 , 1.248667
46823 , b , -2800 , 1.239333
46873 , b , -2800 , 1.227334
46923 , b , -2800 , 1.200667
46973 , b , -2800 , 1.258000
47023 , b , -2800 , 1.227334
47073 , b , -2800 , 1.250667
47123 , b , -2800 , 1.229334
47173 , b , -2800 , 1.218000
47223 , b , -2800 , 1.276000
47273 , b , -2800 , 1.308667
47323 , b , -2800 , 1.252667
47373 , b , -2800 , 1.205334
47423 , b , -2800 , 1.196001
47473 , b , -2800 , 1.276666
47523 , b , -2800 , 1.271333
47573 , b , -2800 , 1.207334
47623 , b , -2800 , 1.201334
47673 , b , -2800 , 1.243333
47723 , b , -2800 , 1.190000
47773 , b , -2800 , 1.236667
47823 , b , -2800 , 1.236666
47873 , b , -2800 , 1.218667
47923 , b , -2800 , 1.222667
47973 , b , -2800 , 1.282666
48023 , b , -2800 , 1.290666
48073 , b , -2800 , 1.258000
48123 , b , -2800 , 1.247333
48852 , b , -3200 , 1.471334
48902 , b , -3200 , 1.472667
48952 , b , -3200 , 1.438667
49002 , b , -3200 , 1.484000
49052 , b , -3200 , 1.444667
49102 , b , -3200 , 1.442667
49152 , b , -3200 , 1.477333
49202 , b , -3200 , 1.466667
49252 , b , -3200 , 1.440667
49302 , b , -3200 , 1.461334
49352 , b , -3200 , 1.469334
49402 , b , -3200 , 1.464667
49452 , b , -3200 , 1.462667
49502 , b , -3200 , 1.459334
49552 , b , -3200 , 1.470667
49602 , b , -3200 , 1.461334
49652 , b , -3200 , 1.469333
49702 , b , -3200 , 1.488667
49752 , b , -3200 , 1.480000
49802 , b , -3200 , 1.496667
49852 , b , -3200 , 1.480000
49902 , b , -3200 , 1.468001
49952 , b , -3200 , 1.464667
50002 , b , -3200 , 1.470000
50052 , b , -3200 , 1.493333
50102 , b , -3200 , 1.464667
50152 , b , -3200 , 1.456667
50202 , b , -3200 , 1.496667
50252 , b , -3200 , 1.462667
50302 , b , -3200 , 1.488667
50352 , b , -3200 , 1.490000
50402 , b , -3200 , 1.472000
50452 , b , -3200 , 1.469334
50502 , b , -3200 , 1.470000
50552 , b , -3200 , 1.455334
50602 , b , -3200 , 1.466000
50652 , b , -3200 , 1.504667
50702 , b , -3200 , 1.502667
50752 , b , -3200 , 1.490667
50802 , b , -3200 , 1.434667
50852 , b , -3200 , 1.462000
51581 , b , -3600 , 1.806000
51631 , b , -3600 , 1.806000
51681 , b , -3600 , 1.790001
51731 , b , -3600 , 1.822667
51781 , b , -3600 , 1.798000
51831 , b , -3600 , 1.828667
51881 , b , -3600 , 1.802001
51931 , b , -3600 , 1.797334
51981 , b , -3600 , 1.790001
52031 , b , -3600 , 1.795334
52081 , b , -3600 , 1.808001
52131 , b , -3600 , 1.798000
52181 , b , -3600 , 1.810000
52231 , b , -3600 , 1.811334
52281 , b , -3600 , 1.820667
52331 , b , -3600 , 1.823334
52381 , b , -3600 , 1.806001
52431 , b , -3600 , 1.774667
52481 , b , -3600 , 1.793334
52531 , b , -3600 , 1.804667
52581 , b , -3600 , 1.800667
52631 , b , -3600 , 1.806667
52681 , b , -3600 , 1.809334
52731 , b , -3600 , 1.804000
52781 , b , -3600 , 1.802000
52831 , b , -3600 , 1.794667
52881 , b , -3600 , 1.792001
52931 , b , -3600 , 1.806667
52981 , b , -3600 , 1.787334
53031 , b , -3600 , 1.800000
53081 , b , -3600 , 1.796667
53131 , b , -3600 , 1.782667
53181 , b , -3600 , 1.797334
53231 , b , -3600 , 1.802667
53281 , b , -3600 , 1.820667
53331 , b , -3600 , 1.789334
53381 , b , -3600 , 1.789334
53431 , b , -3600 , 1.792001
53481 , b , -3600 , 1.808001
53531 , b , -3600 , 1.797334
53581 , b , -3600 , 1.815334
54310 , b , -4000 , 2.164666
54360 , b , -4000 , 2.175999
54410 , b , -4000 , 2.186666
54460 , b , -4000 , 2.175333
54510 , b , -4000 , 2.175999
54560 , b , -4000 , 2.175333
54610 , b , -4000 , 2.169333
54660 , b , -4000 , 2.175999
54710 , b , -4000 , 2.161999
54760 , b , -4000 , 2.181333
54810 , b , -4000 , 2.160000
54860 , b , -4000 , 2.149999
54910 , b , -4000 , 2.165999
54960 , b , -4000 , 2.172666
55010 , b , -4000 , 2.187999
55060 , b , -4000 , 2.183999
55110 , b , -4000 , 2.141333
55160 , b , -4000 , 2.154666
55210 , b , -4000 , 2.181999
55260 , b , -4000 , 2.164666
55310 , b , -4000 , 2.177999
55360 , b , -4000 , 2.146000
55410 , b , -4000 , 2.158666
55460 , b , -4000 , 2.154000
55510 , b , -4000 , 2.169999
55560 , b , -4000 , 2.191999
55610 , b , -4000 , 2.165999
55660 , b , -4000 , 2.152666
55710 , b , -4000 , 2.169333
55760 , b , -4000 , 2.169999
55810 , b , -4000 , 2.155333
55860 , b , -4000 , 2.179332
55910 , b , -4000 , 2.163333
55960 , b , -4000 , 2.190665
56010 , b , -4000 , 2.181999
56060 , b , -4000 , 2.155333
56110 , b , -4000 , 2.195332
56160 , b , -4000 , 2.169999
56210 , b , -4000 , 2.155333
56260 , b , -4000 , 2.171333
56310 , b , -4000 , 2.167999
57039 , b , -4400 , 2.563999
57089 , b , -4400 , 2.551333
57139 , b , -4400 , 2.534666
57189 , b , -4400 , 2.567999
57239 , b , -4400 , 2.564000
57289 , b , -4400 , 2.560666
57339 , b , -4400 , 2.543999
57389 , b , -4400 , 2.552666
57439 , b , -4400 , 2.564666
57489 , b , -4400 , 2.546666
57539 , b , -4400 , 2.537999
57589 , b , -4400 , 2.559999
57639 , b , -4400 , 2.538666
57689 , b , -4400 , 2.558666
57739 , b , -4400 , 2.565333
57789 , b , -4400 , 2.569333
57839 , b , -4400 , 2.570666
57889 , b , -4400 , 2.574666
57939 , b , -4400 , 2.561999
57989 , b , -4400 , 2.536666
58039 , b , -4400 , 2.537333
58089 , b , -4400 , 2.561333
58139 , b , -4400 , 2.539333
58189 , b , -4400 , 2.549999
58239 , b , -4400 , 2.569333
58289 , b , -4400 , 2.539999
58339 , b , -4400 , 2.532666
58389 , b , -4400 , 2.552666
58439 , b , -4400 , 2.546000
58489 , b , -4400 , 2.556666
58539 , b , -4400 , 2.573333
58589 , b , -4400 , 2.555999
58639 , b , -4400 , 2.568666
58689 , b , -4400 , 2.547999
58739 , b , -4400 , 2.563333
58789 , b , -4400 , 2.549999
58839 , b , -4400 , 2.554666
58889 , b , -4400 , 2.527333
58939 , b , -4400 , 2.541333
58989 , b , -4400 , 2.585333
59039 , b , -4400 , 2.585332
59768 , b , -4800 , 3.146000
59818 , b , -4800 , 3.160667
59868 , b , -4800 , 3.162666
59918 , b , -4800 , 3.137333
59968 , b , -4800 , 3.172000
60018 , b , -4800 , 3.158667
60068 , b , -4800 , 3.170666
60118 , b , -4800 , 3.138000
60168 , b , -4800 , 3.168000
60218 , b , -4800 , 3.152000
60268 , b , -4800 , 3.180000
60318 , b , -4800 , 3.197333
60368 , b , -4800 , 3.191332
60418 , b , -4800 , 3.189332
60468 , b , -4800 , 3.195332
60518 , b , -4800 , 3.197999
60568 , b , -4800 , 3.170667
60618 , b , -4800 , 3.167333
60668 , b , -4800 , 3.189332
60718 , b , -4800 , 3.185332
60768 , b , -4800 , 3.189333
60818 , b , -4800 , 3.196666
60868 , b , -4800 , 3.182000
60918 , b , -4800 , 3.171999
60968 , b , -4800 , 3.178667
61018 , b , -4800 , 3.152666
61068 , b , -4800 , 3.158666
61118 , b , -4800 , 3.182666
61168 , b , -4800 , 3.183332
61218 , b , -4800 , 3.151334
61268 , b , -4800 , 3.134667
61318 , b , -4800 , 3.171999
61368 , b , -4800 , 3.127332
61418 , b , -4800 , 3.161333
61468 , b , -4800 , 3.181332
61518 , b , -4800 , 3.226666
61568 , b , -4800 , 3.169999
61618 , b , -4800 , 3.145333
61668 , b , -4800 , 3.131333
61718 , b , -4800 , 3.181998
61768 , b , -4800 , 3.148000
62497 , b , -5200 , 3.352000
62547 , b , -5200 , 3.361334
62597 , b , -5200 , 3.366001
62647 , b , -5200 , 3.345334
62697 , b , -5200 , 3.356668
62747 , b , -5200 , 3.372000
62797 , b , -5200 , 3.395332
62847 , b , -5200 , 3.368666
62897 , b , -5200 , 3.408000
62947 , b , -5200 , 3.374666
62997 , b , -5200 , 3.368668
63047 , b , -5200 , 3.374000
63097 , b , -5200 , 3.343333
63147 , b , -5200 , 3.365333
63197 , b , -5200 , 3.360001
63247 , b , -5200 , 3.378666
63297 , b , -5200 , 3.388000
63347 , b , -5200 , 3.371999
63397 , b , -5200 , 3.378667
63447 , b , -5200 , 3.373333
63497 , b , -5200 , 3.354001
63547 , b , -5200 , 3.390666
63597 , b , -5200 , 3.370666
63647 , b , -5200 , 3.348001
63697 , b , -5200 , 3.404000
63747 , b , -5200 , 3.368667
63797 , b , -5200 , 3.346000
63847 , b , -5200 , 3.333334
63897 , b , -5200 , 3.324668
63947 , b , -5200 , 3.336001
63997 , b , -5200 , 3.350666
64047 , b , -5200 , 3.330000
64097 , b , -5200 , 3.366667
64147 , b , -5200 , 3.391333
64197 , b , -5200 , 3.391333
64247 , b , -5200 , 3.358666
64297 , b , -5200 , 3.387333
64347 , b , -5200 , 3.364000
64397 , b , -5200 , 3.359334
64447 , b , -5200 , 3.357333
64497 , b , -5200 , 3.383999
65226 , b , -5600 , 3.784668
65276 , b , -5600 , 3.770000
65326 , b , -5600 , 3.738666
65376 , b , -5600 , 3.708665
65426 , b , -5600 , 3.706666
65476 , b , -5600 , 3.746666
65526 , b , -5600 , 3.776667
65576 , b , -5600 , 3.767334
65626 , b , -5600 , 3.731333
65676 , b , -5600 , 3.728000
65726 , b , -5600 , 3.708665
65776 , b , -5600 , 3.733332
65826 , b , -5600 , 3.750000
65876 , b , -5600 , 3.732666
65926 , b , -5600 , 3.769333
65976 , b , -5600 , 3.734666
66026 , b , -5600 , 3.774667
66076 , b , -5600 , 3.736000
66126 , b , -5600 , 3.740665
66176 , b , -5600 , 3.730666
66226 , b , -5600 , 3.748666
66276 , b , -5600 , 3.753334
66326 , b , -5600 , 3.736000
66376 , b , -5600 , 3.715333
66426 , b , -5600 , 3.775334
66476 , b , -5600 , 3.748001
66526 , b , -5600 , 3.771335
66576 , b , -5600 , 3.798668
66626 , b , -5600 , 3.787334
66676 , b , -5600 , 3.760000
66726 , b , -5600 , 3.764666
66776 , b , -5600 , 3.756001
66826 , b , -5600 , 3.718000
66876 , b , -5600 , 3.762668
66926 , b , -5600 , 3.733333
66976 , b , -5600 , 3.752000
67026 , b , -5600 , 3.770000
67076 , b , -5600 , 3.753333
67126 , b , -5600 , 3.779335
67176 , b , -5600 , 3.776001
67226 , b , -5600 , 3.761334
67955 , b , -6000 , 4.154000
68005 , b , -6000 , 4.128000
68055 , b , -6000 , 4.102667
68105 , b , -6000 , 4.136667
68155 , b , -6000 , 4.123333
68205 , b , -6000 , 4.136667
68255 , b , -6000 , 4.130667
68305 , b , -6000 , 4.169333
68355 , b , -6000 , 4.133332
68405 , b , -6000 , 4.160000
68455 , b , -6000 , 4.132666
68505 , b , -6000 , 4.116000
68555 , b , -6000 , 4.118000
68605 , b , -6000 , 4.108667
68655 , b , -6000 , 4.133999
68705 , b , -6000 , 4.141333
68755 , b , -6000 , 4.159333
68805 , b , -6000 , 4.130666
68855 , b , -6000 , 4.105334
68905 , b , -6000 , 4.153333
68955 , b , -6000 , 4.138000
69005 , b , -6000 , 4.141333
69055 , b , -6000 , 4.183999
69105 , b , -6000 , 4.180001
69155 , b , -6000 , 4.160001
69205 , b , -6000 , 4.146666
69255 , b , -6000 , 4.151334
69305 , b , -6000 , 4.137334
69355 , b , -6000 , 4.130000
69405 , b , -6000 , 4.179999
69455 , b , -6000 , 4.144000
69505 , b , -6000 , 4.114666
69555 , b , -6000 , 4.135333
69605 , b , -6000 , 4.135332
69655 , b , -6000 , 4.128000
69705 , b , -6000 , 4.156000
69755 , b , -6000 , 4.123333
69805 , b , -6000 , 4.174000
69855 , b , -6000 , 4.106000
69905 , b , -6000 , 4.150000
69955 , b , -6000 , 4.116000
70684 , b , -6400 , 4.504668
70734 , b , -6400 , 4.461332
70784 , b , -6400 , 4.502001
70834 , b , -6400 , 4.494666
70884 , b , -6400 , 4.494667
70934 , b , -6400 , 4.506669
70984 , b , -6400 , 4.500001
71034 , b , -6400 , 4.468666
71084 , b , -6400 , 4.504002
71134 , b , -6400 , 4.496666
71184 , b , -6400 , 4.458666
71234 , b , -6400 , 4.469998
71284 , b , -6400 , 4.489333
71334 , b , -6400 , 4.501998
71384 , b , -6400 , 4.504000
71434 , b , -6400 , 4.524002
71484 , b , -6400 , 4.487998
71534 , b , -6400 , 4.500000
71584 , b , -6400 , 4.462664
71634 , b , -6400 , 4.524668
71684 , b , -6400 , 4.501331
71734 , b , -6400 , 4.484001
71784 , b , -6400 , 4.472000
71834 , b , -6400 , 4.491332
71884 , b , -6400 , 4.429333
71934 , b , -6400 , 4.451332
71984 , b , -6400 , 4.487334
72034 , b , -6400 , 4.466665
72084 , b , -6400 , 4.503334
72134 , b , -6400 , 4.473331
72184 , b , -6400 , 4.449333
72234 , b , -6400 , 4.508668
72284 , b , -6400 , 4.494001
72334 , b , -6400 , 4.488665
72384 , b , -6400 , 4.500667
72434 , b , -6400 , 4.510002
72484 , b , -6400 , 4.551333
72534 , b , -6400 , 4.463999
72584 , b , -6400 , 4.475998
72634 , b , -6400 , 4.461998
72684 , b , -6400 , 4.458664
73413 , b , -6800 , 4.846667
73463 , b , -6800 , 4.864001
73513 , b , -6800 , 4.880000
73563 , b , -6800 , 4.839332
73613 , b , -6800 , 4.836000
73663 , b , -6800 , 4.830000
73713 , b , -6800 , 4.864667
73763 , b , -6800 , 4.845999
73813 , b , -6800 , 4.806666
73863 , b , -6800 , 4.834667
73913 , b , -6800 , 4.832666
73963 , b , -6800 , 4.840667
74013 , b , -6800 , 4.848666
74063 , b , -6800 , 4.831334
74113 , b , -6800 , 4.881999
74163 , b , -6800 , 4.868000
74213 , b , -6800 , 4.893999
74263 , b , -6800 , 4.869334
74313 , b , -6800 , 4.863333
74363 , b , -6800 , 4.859332
74413 , b , -6800 , 4.825333
74463 , b , -6800 , 4.841333
74513 , b , -6800 , 4.879334
74563 , b , -6800 , 4.843333
74613 , b , -6800 , 4.872666
74663 , b , -6800 , 4.854667
74713 , b , -6800 , 4.857332
74763 , b , -6800 , 4.848000
74813 , b , -6800 , 4.839334
74863 , b , -6800 , 4.834667
74913 , b , -6800 , 4.832000
74963 , b , -6800 , 4.825333
75013 , b , -6800 , 4.823999
75063 , b , -6800 , 4.843333
75113 , b , -6800 , 4.895334
75163 , b , -6800 , 4.811333
75213 , b , -6800 , 4.874666
75263 , b , -6800 , 4.854666
75313 , b , -6800 , 4.790000
75363 , b , -6800 , 4.870000
75413 , b , -6800 , 4.879332
76142 , b , -7200 , 5.306001
76192 , b , -7200 , 5.303334
76242 , b , -7200 , 5.252001
76292 , b , -7200 , 5.310667
76342 , b , -7200 , 5.297334
76392 , b , -7200 , 5.315334
76442 , b , -7200 , 5.296668
76492 , b , -7200 , 5.322001
76542 , b , -7200 , 5.316668
76592 , b , -7200 , 5.280666
76642 , b , -7200 , 5.318667
76692 , b , -7200 , 5.327999
76742 , b , -7200 , 5.305333
76792 , b , -7200 , 5.308667
76842 , b , -7200 , 5.289334
76892 , b , -7200 , 5.280667
76942 , b , -7200 , 5.264001
76992 , b , -7200 , 5.298001
77042 , b , -7200 , 5.275334
77092 , b , -7200 , 5.308665
77142 , b , -7200 , 5.326666
77192 , b , -7200 , 5.343334
77242 , b , -7200 , 5.267999
77292 , b , -7200 , 5.266000
77342 , b , -7200 , 5.279333
77392 , b , -7200 , 5.347333
77442 , b , -7200 , 5.296668
77492 , b , -7200 , 5.337333
77542 , b , -7200 , 5.300000
77592 , b , -7200 , 5.329999
77642 , b , -7200 , 5.344000
77692 , b , -7200 , 5.258667
77742 , b , -7200 , 5.294000
77792 , b , -7200 , 5.305333
77842 , b , -7200 , 5.331333
77892 , b , -7200 , 5.354000
77942 , b , -7200 , 5.318000
77992 , b , -7200 , 5.263333
78042 , b , -7200 , 5.312666
78092 , b , -7200 , 5.293334
78142 , b , -7200 , 5.339334
78871 , b , -7600 , 5.927331
78921 , b , -7600 , 5.920666
78971 , b , -7600 , 5.913333
79021 , b , -7600 , 5.885333
79071 , b , -7600 , 5.895998
79121 , b , -7600 , 5.933331
79171 , b , -7600 , 5.902665
79221 , b , -7600 , 5.941999
79271 , b , -7600 , 5.949997
79321 , b , -7600 , 5.956000
79371 , b , -7600 , 5.957997
79421 , b , -7600 , 5.914000
79471 , b , -7600 , 5.895332
79521 , b , -7600 , 5.931331
79571 , b , -7600 , 5.922663
79621 , b , -7600 , 5.909332
79671 , b , -7600 , 5.962666
79721 , b , -7600 , 5.967998
79771 , b , -7600 , 5.909332
79821 , b , -7600 , 5.871333
79871 , b , -7600 , 5.943997
79921 , b , -7600 , 5.985333
79971 , b , -7600 , 5.934666
80021 , b , -7600 , 5.946665
80071 , b , -7600 , 5.933332
80121 , b , -7600 , 5.951333
80171 , b , -7600 , 5.854000
80221 , b , -7600 , 5.941332
80271 , b , -7600 , 5.970000
80321 , b , -7600 , 5.969333
80371 , b , -7600 , 5.940000
80421 , b , -7600 , 5.879333
80471 , b , -7600 , 5.938666
80521 , b , -7600 , 5.897333
80571 , b , -7600 , 5.967999
80621 , b , -7600 , 5.917999
80671 , b , -7600 , 5.945999
80721 , b , -7600 , 5.928666
80771 , b , -7600 , 5.953331
80821 , b , -7600 , 5.884000
80871 , b , -7600 , 5.890665
81600 , b , -8000 , 6.443331
81650 , b , -8000 , 6.513332
81700 , b , -8000 , 6.461999
81750 , b , -8000 , 6.518001
81800 , b , -8000 , 6.510668
81850 , b , -8000 , 6.484000
81900 , b , -8000 , 6.464666
81950 , b , -8000 , 6.458664
82000 , b , -8000 , 6.473332
82050 , b , -8000 , 6.512001
82100 , b , -8000 , 6.433330
82150 , b , -8000 , 6.467999
82200 , b , -8000 , 6.486664
82250 , b , -8000 , 6.501334
82300 , b , -8000 , 6.477332
82350 , b , -8000 , 6.490666
82400 , b , -8000 , 6.495999
82450 , b , -8000 , 6.504665
82500 , b , -8000 , 6.463998
82550 , b , -8000 , 6.464666
82600 , b , -8000 , 6.473998
82650 , b , -8000 , 6.506001
82700 , b , -8000 , 6.517334
82750 , b , -8000 , 6.470665
82800 , b , -8000 , 6.482667
82850 , b , -8000 , 6.512667
82900 , b , -8000 , 6.522001
82950 , b , -8000 , 6.518001
83000 , b , -8000 , 6.445999
83050 , b , -8000 , 6.479333
83100 , b , -8000 , 6.519335
83150 , b , -8000 , 6.465997
83200 , b , -8000 , 6.529334
83250 , b , -8000 , 6.508667
83300 , b , -8000 , 6.473997
83350 , b , -8000 , 6.467999
83400 , b , -8000 , 6.455331
83450 , b , -8000 , 6.492665
83500 , b , -8000 , 6.493334
83550 , b , -8000 , 6.481332
83600 , b , -8000 , 6.487334
84329 , b , -8400 , 6.750669
84379 , b , -8400 , 6.792001
84429 , b , -8400 , 6.733334
84479 , b , -8400 , 6.738002
84529 , b , -8400 , 6.744665
84579 , b , -8400 , 6.668668
84629 , b , -8400 , 6.761333
84679 , b , -8400 , 6.764666
84729 , b , -8400 , 6.676667
84779 , b , -8400 , 6.746000
84829 , b , -8400 , 6.731334
84879 , b , -8400 , 6.790666
84929 , b , -8400 , 6.743998
84979 , b , -8400 , 6.756664
85029 , b , -8400 , 6.773333
85079 , b , -8400 , 6.773335
85129 , b , -8400 , 6.733335
85179 , b , -8400 , 6.769335
85229 , b , -8400 , 6.771334
85279 , b , -8400 , 6.753333
85329 , b , -8400 , 6.733998
85379 , b , -8400 , 6.746000
85429 , b , -8400 , 6.792002
85479 , b , -8400 , 6.765331
85529 , b , -8400 , 6.736001
85579 , b , -8400 , 6.786000
85629 , b , -8400 , 6.797332
85679 , b , -8400 , 6.784666
85729 , b , -8400 , 6.746668
85779 , b , -8400 , 6.741332
85829 , b , -8400 , 6.770000
85879 , b , -8400 , 6.754001
85929 , b , -8400 , 6.753335
85979 , b , -8400 , 6.750669
86029 , b , -8400 , 6.726665
86079 , b , -8400 , 6.740664
86129 , b , -8400 , 6.762664
86179 , b , -8400 , 6.816000
86229 , b , -8400 , 6.737335
86279 , b , -8400 , 6.747998
86329 , b , -8400 , 6.732666
87058 , b , -8800 , 7.085333
87108 , b , -8800 , 7.100001
87158 , b , -8800 , 7.114000
87208 , b , -8800 , 7.128668
87258 , b , -8800 , 7.061335
87308 , b , -8800 , 7.056002
87358 , b , -8800 , 7.071334
87408 , b , -8800 , 7.104667
87458 , b , -8800 , 7.096001
87508 , b , -8800 , 7.112000
87558 , b , -8800 , 7.144668
87608 , b , -8800 , 7.149332
87658 , b , -8800 , 7.161998
87708 , b , -8800 , 7.121334
87758 , b , -8800 , 7.063334
87808 , b , -8800 , 7.063336
87858 , b , -8800 , 7.089334
87908 , b , -8800 , 7.078002
87958 , b , -8800 , 7.079336
88008 , b , -8800 , 7.109333
88058 , b , -8800 , 7.066665
88108 , b , -8800 , 7.069336
88158 , b , -8800 , 7.098669
88208 , b , -8800 , 7.138000
88258 , b , -8800 , 7.088666
88308 , b , -8800 , 7.101336
88358 , b , -8800 , 7.096003
88408 , b , -8800 , 7.045999
88458 , b , -8800 , 7.094001
88508 , b , -8800 , 7.123333
88558 , b , -8800 , 7.099334
88608 , b , -8800 , 7.082669
88658 , b , -8800 , 7.094001
88708 , b , -8800 , 7.086003
88758 , b , -8800 , 7.064001
88808 , b , -8800 , 7.105335
88858 , b , -8800 , 7.106668
88908 , b , -8800 , 7.072002
88958 , b , -8800 , 7.038669
89008 , b , -8800 , 7.129336
89058 , b , -8800 , 7.116002
89787 , b , -9200 , 7.407333
89837 , b , -9200 , 7.410665
89887 , b , -9200 , 7.444667
89937 , b , -9200 , 7.431333
89987 , b , -9200 , 7.410001
90037 , b , -9200 , 7.425333
90087 , b , -9200 , 7.470666
90137 , b , -9200 , 7.368666
90187 , b , -9200 , 7.394665
90237 , b , -9200 , 7.389999
90287 , b , -9200 , 7.438666
90337 , b , -9200 , 7.366002
90387 , b , -9200 , 7.455998
90437 , b , -9200 , 7.411334
90487 , b , -9200 , 7.331334
90537 , b , -9200 , 7.399333
90587 , b , -9200 , 7.382000
90637 , b , -9200 , 7.431333
90687 , b , -9200 , 7.359332
90737 , b , -9200 , 7.407333
90787 , b , -9200 , 7.455997
90837 , b , -9200 , 7.344666
90887 , b , -9200 , 7.381332
90937 , b , -9200 , 7.418664
90987 , b , -9200 , 7.440000
91037 , b , -9200 , 7.485997
91087 , b , -9200 , 7.409332
91137 , b , -9200 , 7.400667
91187 , b , -9200 , 7.409999
91237 , b , -9200 , 7.394000
91287 , b , -9200 , 7.336667
91337 , b , -9200 , 7.349332
91387 , b , -9200 , 7.350665
91437 , b , -9200 , 7.383998
91487 , b , -9200 , 7.399332
91537 , b , -9200 , 7.440665
91587 , b , -9200 , 7.387333
91637 , b , -9200 , 7.397999
91687 , b , -9200 , 7.411333
91737 , b , -9200 , 7.354667
91787 , b , -9200 , 7.421331
92516 , b , -9600 , 8.014001
92566 , b , -9600 , 8.008001
92616 , b , -9600 , 7.959333
92666 , b , -9600 , 7.999333
92716 , b , -9600 , 7.940666
92766 , b , -9600 , 8.014002
92816 , b , -9600 , 8.004001
92866 , b , -9600 , 7.953998
92916 , b , -9600 , 7.959331
92966 , b , -9600 , 8.016668
93016 , b , -9600 , 7.961999
93066 , b , -9600 , 7.930000
93116 , b , -9600 , 7.945999
93166 , b , -9600 , 7.966664
93216 , b , -9600 , 7.991333
93266 , b , -9600 , 7.992000
93316 , b , -9600 , 7.988667
93366 , b , -9600 , 7.980667
93416 , b , -9600 , 7.990665
93466 , b , -9600 , 7.946663
93516 , b , -9600 , 7.946664
93566 , b , -9600 , 7.895331
93616 , b , -9600 , 7.948001
93666 , b , -9600 , 7.953997
93716 , b , -9600 , 7.968665
93766 , b , -9600 , 7.912666
93816 , b , -9600 , 7.926663
93866 , b , -9600 , 7.995335
93916 , b , -9600 , 8.038001
93966 , b , -9600 , 7.975999
94016 , b , -9600 , 8.011336
94066 , b , -9600 , 7.984000
94116 , b , -9600 , 7.966665
94166 , b , -9600 , 8.047336
94216 , b , -9600 , 7.990665
94266 , b , -9600 , 7.977998
94316 , b , -9600 , 7.952666
94366 , b , -9600 , 7.992667
94416 , b , -9600 , 7.926664
94466 , b , -9600 , 7.968665
94516 , b , -9600 , 8.014001
95245 , b , -10000 , 8.317332
95295 , b , -10000 , 8.358665
95345 , b , -10000 , 8.384666
95395 , b , -10000 , 8.326664
95445 , b , -10000 , 8.350665
95495 , b , -10000 , 8.348000
95545 , b , -10000 , 8.331332
95595 , b , -10000 , 8.343998
95645 , b , -10000 , 8.403332
95695 , b , -10000 , 8.422665
95745 , b , -10000 , 8.411332
95795 , b , -10000 , 8.346665
95845 , b , -10000 , 8.322001
95895 , b , -10000 , 8.346001
95945 , b , -10000 , 8.368665
95995 , b , -10000 , 8.317333
96045 , b , -10000 , 8.348665
96095 , b , -10000 , 8.364666
96145 , b , -10000 , 8.321333
96195 , b , -10000 , 8.339333
96245 , b , -10000 , 8.364000
96295 , b , -10000 , 8.314666
96345 , b , -10000 , 8.384666
96395 , b , -10000 , 8.356665
96445 , b , -10000 , 8.301333
96495 , b , -10000 , 8.359332
96545 , b , -10000 , 8.424666
96595 , b , -10000 , 8.350666
96645 , b , -10000 , 8.404666
96695 , b , -10000 , 8.311999
96745 , b , -10000 , 8.349332
96795 , b , -10000 , 8.319333
96845 , b , -10000 , 8.386665
96895 , b , -10000 , 8.355998
96945 , b , -10000 , 8.326666
96995 , b , -10000 , 8.327332
97045 , b , -10000 , 8.369331
97095 , b , -10000 , 8.401333
97145 , b , -10000 , 8.395332
97195 , b , -10000 , 8.369333
97245 , b , -10000 , 8.307333
97974 , b , -10400 , 8.633335
98024 , b , -10400 , 8.749332
98074 , b , -10400 , 8.777999
98124 , b , -10400 , 8.703335
98174 , b , -10400 , 8.717335
98224 , b , -10400 , 8.630667
98274 , b , -10400 , 8.738667
98324 , b , -10400 , 8.608001
98374 , b , -10400 , 8.668001
98424 , b , -10400 , 8.764002
98474 , b , -10400 , 8.711333
98524 , b , -10400 , 8.689999
98574 , b , -10400 , 8.725334
98624 , b , -10400 , 8.680667
98674 , b , -10400 , 8.756666
98724 , b , -10400 , 8.597333
98774 , b , -10400 , 8.666667
98824 , b , -10400 , 8.715333
98874 , b , -10400 , 8.646001
98924 , b , -10400 , 8.777333
98974 , b , -10400 , 8.625335
99024 , b , -10400 , 8.802666
99074 , b , -10400 , 8.733999
99124 , b , -10400 , 8.744667
99174 , b , -10400 , 8.669333
99224 , b , -10400 , 8.786666
99274 , b , -10400 , 8.709332
99324 , b , -10400 , 8.666001
99374 , b , -10400 , 8.740000
99424 , b , -10400 , 8.736001
99474 , b , -10400 , 8.645332
99524 , b , -10400 , 8.767331
99574 , b , -10400 , 8.668666
99624 , b , -10400 , 8.777999
99674 , b , -10400 , 8.776000
99724 , b , -10400 , 8.694668
99774 , b , -10400 , 8.702002
99824 , b , -10400 , 8.660666
99874 , b , -10400 , 8.761334
99924 , b , -10400 , 8.692000
99974 , b , -10400 , 8.750666
100703 , b , -10800 , 9.231998
100753 , b , -10800 , 9.318666
100803 , b , -10800 , 9.254001
100853 , b , -10800 , 9.291331
100903 , b , -10800 , 9.290668
100953 , b , -10800 , 9.264668
101003 , b , -10800 , 9.329334
101053 , b , -10800 , 9.274668
101103 , b , -10800 , 9.349999
101153 , b , -10800 , 9.220668
101203 , b , -10800 , 9.379999
101253 , b , -10800 , 9.313999
101303 , b , -10800 , 9.181334
101353 , b , -10800 , 9.322665
101403 , b , -10800 , 9.316000
101453 , b , -10800 , 9.332665
101503 , b , -10800 , 9.322666
101553 , b , -10800 , 9.279332
101603 , b , -10800 , 9.247334
101653 , b , -10800 , 9.227332
101703 , b , -10800 , 9.297998
101753 , b , -10800 , 9.332000
101803 , b , -10800 , 9.339333
101853 , b , -10800 , 9.278667
101903 , b , -10800 , 9.208000
101953 , b , -10800 , 9.278667
102003 , b , -10800 , 9.308000
102053 , b , -10800 , 9.289332
102103 , b , -10800 , 9.349999
102153 , b , -10800 , 9.278668
102203 , b , -10800 , 9.238667
102253 , b , -10800 , 9.281333
102303 , b , -10800 , 9.275332
102353 , b , -10800 , 9.275331
102403 , b , -10800 , 9.312667
102453 , b , -10800 , 9.344665
102503 , b , -10800 , 9.362000
102553 , b , -10800 , 9.276000
102603 , b , -10800 , 9.155334
102653 , b , -10800 , 9.231335
102703 , b , -10800 , 9.268000
103432 , b , -11200 , 10.130001
103482 , b , -11200 , 10.168667
103532 , b , -11200 , 10.230666
103582 , b , -11200 , 10.084002
103632 , b , -11200 , 10.102667
103682 , b , -11200 , 10.152000
103732 , b , -11200 , 10.182001
103782 , b , -11200 , 10.158002
103832 , b , -11200 , 10.150668
103882 , b , -11200 , 10.143335
103932 , b , -11200 , 10.130000
103982 , b , -11200 , 10.107333
104032 , b , -11200 , 10.201334
104082 , b , -11200 , 10.152000
104132 , b , -11200 , 10.180667
104182 , b , -11200 , 10.076000
104232 , b , -11200 , 10.082002
104282 , b , -11200 , 10.084001
104332 , b , -11200 , 10.157334
104382 , b , -11200 , 10.160666
104432 , b , -11200 , 10.131335
104482 , b , -11200 , 10.069333
104532 , b , -11200 , 10.102669
104582 , b , -11200 , 10.063335
104632 , b , -11200 , 10.063335
104682 , b , -11200 , 10.132001
104732 , b , -11200 , 10.100002
104782 , b , -11200 , 10.159334
104832 , b , -11200 , 10.186666
104882 , b , -11200 , 10.013333
104932 , b , -11200 , 10.158001
104982 , b , -11200 , 10.078002
105032 , b , -11200 , 10.083335
105082 , b , -11200 , 10.102666
105132 , b , -11200 , 10.051334
105182 , b , -11200 , 10.086002
105232 , b , -11200 , 10.106668
105282 , b , -11200 , 10.076000
105332 , b , -11200 , 10.075336
105382 , b , -11200 , 10.088001
105432 , b , -11200 , 10.052670
106161 , b , -11600 , 10.084665
106211 , b , -11600 , 10.098001
106261 , b , -11600 , 10.101335
106311 , b , -11600 , 10.126668
106361 , b , -11600 , 10.066667
106411 , b , -11600 , 10.042667
106461 , b , -11600 , 9.981335
106511 , b , -11600 , 10.066002
106561 , b , -11600 , 10.138000
106611 , b , -11600 , 10.080667
106661 , b , -11600 , 10.225999
106711 , b , -11600 , 10.050000
106761 , b , -11600 , 10.115336
106811 , b , -11600 , 10.080001
106861 , b , -11600 , 10.142001
106911 , b , -11600 , 10.086667
106961 , b , -11600 , 10.110002
107011 , b , -11600 , 10.080001
107061 , b , -11600 , 10.210668
107111 , b , -11600 , 10.125332
107161 , b , -11600 , 10.040002
107211 , b , -11600 , 10.078002
107261 , b , -11600 , 10.106000
107311 , b , -11600 , 10.181999
107361 , b , -11600 , 10.145334
107411 , b , -11600 , 10.056667
107461 , b , -11600 , 10.089333
107511 , b , -11600 , 10.076667
107561 , b , -11600 , 10.146667
107611 , b , -11600 , 9.998668
107661 , b , -11600 , 10.142667
107711 , b , -11600 , 10.033999
107761 , b , -11600 , 9.967333
107811 , b , -11600 , 10.082001
107861 , b , -11600 , 10.066667
107911 , b , -11600 , 10.177335
107961 , b , -11600 , 10.078670
108011 , b , -11600 , 10.059332
108061 , b , -11600 , 10.084000
108111 , b , -11600 , 10.050000
108161 , b , -11600 , 10.181334
108890 , b , -12000 , 10.503334
108940 , b , -12000 , 10.637335
108990 , b , -12000 , 10.600001
109040 , b , -12000 , 10.680000
109090 , b , -12000 , 10.656669
109140 , b , -12000 , 10.562000
109190 , b , -12000 , 10.608668
109240 , b , -12000 , 10.579334
109290 , b , -12000 , 10.638667
109340 , b , -12000 , 10.669336
109390 , b , -12000 , 10.717333
109440 , b , -12000 , 10.667334
109490 , b , -12000 , 10.604001
109540 , b , -12000 , 10.631335
109590 , b , -12000 , 10.648001
109640 , b , -12000 , 10.719333
109690 , b , -12000 , 10.677335
109740 , b , -12000 , 10.690001
109790 , b , -12000 , 10.658669
109840 , b , -12000 , 10.641333
109890 , b , -12000 , 10.638001
109940 , b , -12000 , 10.572000
109990 , b , -12000 , 10.642001
110040 , b , -12000 , 10.588000
110090 , b , -12000 , 10.628667
110140 , b , -12000 , 10.607333
110190 , b , -12000 , 10.620667
110240 , b , -12000 , 10.628666
110290 , b , -12000 , 10.594666
110340 , b , -12000 , 10.608669
110390 , b , -12000 , 10.614667
110440 , b , -12000 , 10.747999
110490 , b , -12000 , 10.665332
110540 , b , -12000 , 10.680667
110590 , b , -12000 , 10.634666
110640 , b , -12000 , 10.618002
110690 , b , -12000 , 10.525334
110740 , b , -12000 , 10.538002
110790 , b , -12000 , 10.596668
110840 , b , -12000 , 10.546667
110890 , b , -12000 , 10.629333
111619 , b , -12400 , 10.962668
111669 , b , -12400 , 11.065334
111719 , b , -12400 , 11.062000
111769 , b , -12400 , 11.060668
111819 , b , -12400 , 11.050001
111869 , b , -12400 , 11.059336
111919 , b , -12400 , 11.036668
111969 , b , -12400 , 11.023333
112019 , b , -12400 , 11.047336
112069 , b , -12400 , 11.000668
112119 , b , -12400 , 11.075334
112169 , b , -12400 , 11.018000
112219 , b , -12400 , 10.889332
112269 , b , -12400 , 11.076669
112319 , b , -12400 , 11.030000
112369 , b , -12400 , 11.074001
112419 , b , -12400 , 11.085333
112469 , b , -12400 , 11.017333
112519 , b , -12400 , 10.932667
112569 , b , -12400 , 10.909333
112619 , b , -12400 , 11.004002
112669 , b , -12400 , 11.104001
112719 , b , -12400 , 11.052002
112769 , b , -12400 , 11.047333
112819 , b , -12400 , 11.086001
112869 , b , -12400 , 11.080667
112919 , b , -12400 , 11.022665
112969 , b , -12400 , 11.030004
113019 , b , -12400 , 11.037335
113069 , b , -12400 , 11.049334
113119 , b , -12400 , 11.043998
113169 , b , -12400 , 11.042667
113219 , b , -12400 , 10.960667
113269 , b , -12400 , 10.996001
113319 , b , -12400 , 11.090000
113369 , b , -12400 , 11.057335
113419 , b , -12400 , 11.048667
113469 , b , -12400 , 11.031333
113519 , b , -12400 , 11.120669
113569 , b , -12400 , 11.094669
113619 , b , -12400 , 10.923330
114348 , b , -12800 , 11.538665
114398 , b , -12800 , 11.461334
114448 , b , -12800 , 11.537336
114498 , b , -12800 , 11.550668
114548 , b , -12800 , 11.493333
114598 , b , -12800 , 11.479334
114648 , b , -12800 , 11.471998
114698 , b , -12800 , 11.498002
114748 , b , -12800 , 11.464666
114798 , b , -12800 , 11.523336
114848 , b , -12800 , 11.511333
114898 , b , -12800 , 11.420667
114948 , b , -12800 , 11.450665
114998 , b , -12800 , 11.514668
115048 , b , -12800 , 11.529331
115098 , b , -12800 , 11.512001
115148 , b , -12800 , 11.489999
115198 , b , -12800 , 11.432664
115248 , b , -12800 , 11.463334
115298 , b , -12800 , 11.457999
115348 , b , -12800 , 11.470000
115398 , b , -12800 , 11.511334
115448 , b , -12800 , 11.555333
115498 , b , -12800 , 11.503334
115548 , b , -12800 , 11.536669
115598 , b , -12800 , 11.532001
115648 , b , -12800 , 11.539999
115698 , b , -12800 , 11.571334
115748 , b , -12800 , 11.508670
115798 , b , -12800 , 11.514000
115848 , b , -12800 , 11.462667
115898 , b , -12800 , 11.493998
115948 , b , -12800 , 11.696667
115998 , b , -12800 , 11.508668
116048 , b , -12800 , 11.512001
116098 , b , -12800 , 11.484667
116148 , b , -12800 , 11.551333
116198 , b , -12800 , 11.491334
116248 , b , -12800 , 11.521336
116298 , b , -12800 , 11.483335
116348 , b , -12800 , 11.447336
117077 , b , -13200 , 12.037334
117127 , b , -13200 , 11.919333
117177 , b , -13200 , 11.938000
117227 , b , -13200 , 11.930668
117277 , b , -13200 , 11.952666
117327 , b , -13200 , 11.923332
117377 , b , -13200 , 11.880000
117427 , b , -13200 , 11.910000
117477 , b , -13200 , 12.003332
117527 , b , -13200 , 11.956668
117577 , b , -13200 , 11.939335
117627 , b , -13200 , 11.987332
117677 , b , -13200 , 11.928666
117727 , b , -13200 , 11.896000
117777 , b , -13200 , 11.912000
117827 , b , -13200 , 11.875333
117877 , b , -13200 , 11.974003
117927 , b , -13200 , 11.955332
117977 , b , -13200 , 11.807334
118027 , b , -13200 , 11.929334
118077 , b , -13200 , 11.926666
118127 , b , -13200 , 11.891998
118177 , b , -13200 , 11.964665
118227 , b , -13200 , 11.917334
118277 , b , -13200 , 11.989999
118327 , b , -13200 , 12.033333
118377 , b , -13200 , 11.930667
118427 , b , -13200 , 11.985333
118477 , b , -13200 , 11.992666
118527 , b , -13200 , 11.852667
118577 , b , -13200 , 11.889334
118627 , b , -13200 , 11.895333
118677 , b , -13200 , 11.977997
118727 , b , -13200 , 12.023333
118777 , b , -13200 , 11.953999
118827 , b , -13200 , 11.795999
118877 , b , -13200 , 11.946664
118927 , b , -13200 , 11.925332
118977 , b , -13200 , 11.861331
119027 , b , -13200 , 11.980002
119077 , b , -13200 , 11.971999
119806 , b , -13600 , 12.371333
119856 , b , -13600 , 12.375332
119906 , b , -13600 , 12.297999
119956 , b , -13600 , 12.247334
120006 , b , -13600 , 12.283335
120056 , b , -13600 , 12.356668
120106 , b , -13600 , 12.379999
120156 , b , -13600 , 12.327334
120206 , b , -13600 , 12.358668
120256 , b , -13600 , 12.326666
120306 , b , -13600 , 12.342002
120356 , b , -13600 , 12.326668
120406 , b , -13600 , 12.282000
120456 , b , -13600 , 12.344000
120506 , b , -13600 , 12.257332
120556 , b , -13600 , 12.393999
120606 , b , -13600 , 12.343332
120656 , b , -13600 , 12.363333
120706 , b , -13600 , 12.395999
120756 , b , -13600 , 12.327332
120806 , b , -13600 , 12.332000
120856 , b , -13600 , 12.298000
120906 , b , -13600 , 12.338667
120956 , b , -13600 , 12.418666
121006 , b , -13600 , 12.285999
121056 , b , -13600 , 12.412000
121106 , b , -13600 , 12.350000
121156 , b , -13600 , 12.332664
121206 , b , -13600 , 12.314666
121256 , b , -13600 , 12.450666
121306 , b , -13600 , 12.228668
121356 , b , -13600 , 12.284664
121406 , b , -13600 , 12.357330
121456 , b , -13600 , 12.349335
121506 , b , -13600 , 12.323334
121556 , b , -13600 , 12.429334
121606 , b , -13600 , 12.311333
121656 , b , -13600 , 12.270666
121706 , b , -13600 , 12.237332
121756 , b , -13600 , 12.419333
121806 , b , -13600 , 12.450666
122535 , b , -14000 , 12.489999
122585 , b , -14000 , 12.584668
122635 , b , -14000 , 12.506000
122685 , b , -14000 , 12.542669
122735 , b , -14000 , 12.586667
122785 , b , -14000 , 12.579333
122835 , b , -14000 , 12.591997
122885 , b , -14000 , 12.699333
122935 , b , -14000 , 12.499332
122985 , b , -14000 , 12.515336
123035 , b , -14000 , 12.488667
123085 , b , -14000 , 12.637998
123135 , b , -14000 , 12.385334
123185 , b , -14000 , 12.377332
123235 , b , -14000 , 12.551334
123285 , b , -14000 , 12.491999
123335 , b , -14000 , 12.533333
123385 , b , -14000 , 12.574000
123435 , b , -14000 , 12.529333
123485 , b , -14000 , 12.498002
123535 , b , -14000 , 12.585999
123585 , b , -14000 , 12.533999
123635 , b , -14000 , 12.558668
123685 , b , -14000 , 12.699999
123735 , b , -14000 , 12.520001
123785 , b , -14000 , 12.426667
123835 , b , -14000 , 12.568667
123885 , b , -14000 , 12.591999
123935 , b , -14000 , 12.666668
123985 , b , -14000 , 12.618670
124035 , b , -14000 , 12.543335
124085 , b , -14000 , 12.564666
124135 , b , -14000 , 12.542001
124185 , b , -14000 , 12.542668
124235 , b , -14000 , 12.577332
124285 , b , -14000 , 12.510668
124335 , b , -14000 , 12.676000
124385 , b , -14000 , 12.581997
124435 , b , -14000 , 12.471999
124485 , b , -14000 , 12.409999
124535 , b , -14000 , 12.467335
125264 , b , -14400 , 13.410666
125314 , b , -14400 , 13.318668
125364 , b , -14400 , 13.422000
125414 , b , -14400 , 13.391997
125464 , b , -14400 , 13.328663
125514 , b , -14400 , 13.493335
125564 , b , -14400 , 13.357335
125614 , b , -14400 , 13.224668
125664 , b , -14400 , 13.430000
125714 , b , -14400 , 13.255335
125764 , b , -14400 , 13.354001
125814 , b , -14400 , 13.215996
125864 , b , -14400 , 13.253332
125914 , b , -14400 , 13.295333
125964 , b , -14400 , 13.483334
126014 , b , -14400 , 13.283999
126064 , b , -14400 , 13.206666
126114 , b , -14400 , 13.350001
126164 , b , -14400 , 13.343999
126214 , b , -14400 , 13.468666
126264 , b , -14400 , 13.308668
126314 , b , -14400 , 13.174665
126364 , b , -14400 , 13.369332
126414 , b , -14400 , 13.221332
126464 , b , -14400 , 13.279333
126514 , b , -14400 , 13.312000
126564 , b , -14400 , 13.481999
126614 , b , -14400 , 13.204001
126664 , b , -14400 , 13.356000
126714 , b , -14400 , 13.407331
126764 , b , -14400 , 13.300001
126814 , b , -14400 , 13.251998
126864 , b , -14400 , 13.328662
126914 , b , -14400 , 13.311999
126964 , b , -14400 , 13.387334
127014 , b , -14400 , 13.260668
127064 , b , -14400 , 13.346000
127114 , b , -14400 , 13.206664
127164 , b , -14400 , 13.366666
127214 , b , -14400 , 13.219337
127264 , b , -14400 , 13.249334
127993 , b , -14800 , 13.098667
128043 , b , -14800 , 13.423334
128093 , b , -14800 , 13.073999
128143 , b , -14800 , 13.043331
128193 , b , -14800 , 13.141335
128243 , b , -14800 , 13.214668
128293 , b , -14800 , 13.063334
128343 , b , -14800 , 13.347333
128393 , b , -14800 , 13.242667
128443 , b , -14800 , 13.017335
128493 , b , -14800 , 13.171334
128543 , b , -14800 , 13.024664
128593 , b , -14800 , 13.280667
128643 , b , -14800 , 13.389998
128693 , b , -14800 , 13.149999
128743 , b , -14800 , 13.166668
128793 , b , -14800 , 12.962666
128843 , b , -14800 , 13.030002
128893 , b , -14800 , 13.276669
128943 , b , -14800 , 13.045335
128993 , b , -14800 , 13.023999
129043 , b , -14800 , 13.242670
129093 , b , -14800 , 13.232667
129143 , b , -14800 , 13.221999
129193 , b , -14800 , 12.801999
129243 , b , -14800 , 13.324665
129293 , b , -14800 , 12.996666
129343 , b , -14800 , 13.102003
129393 , b , -14800 , 13.019332
129443 , b , -14800 , 12.988667
129493 , b , -14800 , 13.055999
129543 , b , -14800 , 13.131334
129593 , b , -14800 , 13.171333
129643 , b , -14800 , 13.237332
129693 , b , -14800 , 13.130663
129743 , b , -14800 , 13.169333
129793 , b , -14800 , 13.321334
129843 , b , -14800 , 13.229334
129893 , b , -14800 , 13.221332
129943 , b , -14800 , 13.071333
129993 , b , -14800 , 13.089999
130722 , b , -15200 , 13.686666
130772 , b , -15200 , 13.741333
130822 , b , -15200 , 13.793999
130872 , b , -15200 , 13.666662
130922 , b , -15200 , 13.837998
130972 , b , -15200 , 13.710669
131022 , b , -15200 , 13.693334
131072 , b , -15200 , 13.754001
131122 , b , -15200 , 13.701997
131172 , b , -15200 , 13.606670
131222 , b , -15200 , 13.837333
131272 , b , -15200 , 13.723332
131322 , b , -15200 , 13.664667
131372 , b , -15200 , 13.796000
131422 , b , -15200 , 13.672001
131472 , b , -15200 , 13.759998
131522 , b , -15200 , 13.649334
131572 , b , -15200 , 13.654666
131622 , b , -15200 , 13.772665
131672 , b , -15200 , 13.468667
131722 , b , -15200 , 13.705335
131772 , b , -15200 , 13.752666
131822 , b , -15200 , 13.965335
131872 , b , -15200 , 13.826665
131922 , b , -15200 , 13.729332
131972 , b , -15200 , 13.581334
132022 , b , -15200 , 13.612000
132072 , b , -15200 , 13.757332
132122 , b , -15200 , 13.707998
132172 , b , -15200 , 13.586667
132222 , b , -15200 , 13.726000
132272 , b , -15200 , 13.913336
132322 , b , -15200 , 13.822002
132372 , b , -15200 , 13.726001
132422 , b , -15200 , 13.488665
132472 , b , -15200 , 13.795998
132522 , b , -15200 , 13.667332
132572 , b , -15200 , 13.830000
132622 , b , -15200 , 13.634002
132672 , b , -15200 , 13.827999
132722 , b , -15200 , 13.649335
133451 , b , -15600 , 14.067333
133501 , b , -15600 , 13.886666
133551 , b , -15600 , 14.198667
133601 , b , -15600 , 13.872668
133651 , b , -15600 , 14.124001
133701 , b , -15600 , 14.176667
133751 , b , -15600 , 14.042001
133801 , b , -15600 , 14.064668
133851 , b , -15600 , 13.842001
133901 , b , -15600 , 14.133332
133951 , b , -15600 , 14.091335
134001 , b , -15600 , 14.091334
134051 , b , -15600 , 13.937333
134101 , b , -15600 , 14.087334
134151 , b , -15600 , 13.976664
134201 , b , -15600 , 14.079331
134251 , b , -15600 , 13.993334
134301 , b , -15600 , 13.950001
134351 , b , -15600 , 14.080666
134401 , b , -15600 , 14.222665
134451 , b , -15600 , 14.035999
134501 , b , -15600 , 13.873333
134551 , b , -15600 , 13.917999
134601 , b , -15600 , 14.253334
134651 , b , -15600 , 14.047334
134701 , b , -15600 , 14.118000
134751 , b , -15600 , 14.152667
134801 , b , -15600 , 14.014003
134851 , b , -15600 , 14.007336
134901 , b , -15600 , 14.019332
134951 , b , -15600 , 13.875335
135001 , b , -15600 , 14.100000
135051 , b , -15600 , 13.972668
135101 , b , -15600 , 13.955332
135151 , b , -15600 , 13.847329
135201 , b , -15600 , 13.874667
135251 , b , -15600 , 13.880669
135301 , b , -15600 , 14.122000
135351 , b , -15600 , 14.227333
135401 , b , -15600 , 14.185336
135451 , b , -15600 , 14.107999
136180 , b , -16000 , 14.316664
136230 , b , -16000 , 14.164665
136280 , b , -16000 , 14.347334
136330 , b , -16000 , 14.080000
136380 , b , -16000 , 14.149335
136430 , b , -16000 , 14.276002
136480 , b , -16000 , 14.144667
136530 , b , -16000 , 14.282667
136580 , b , -16000 , 14.095334
136630 , b , -16000 , 14.194664
136680 , b , -16000 , 14.503335
136730 , b , -16000 , 13.943336
136780 , b , -16000 , 14.351333
136830 , b , -16000 , 14.291333
136880 , b , -16000 , 14.231332
136930 , b , -16000 , 14.309999
136980 , b , -16000 , 14.233334
137030 , b , -16000 , 14.241334
137080 , b , -16000 , 14.325998
137130 , b , -16000 , 14.421333
137180 , b , -16000 , 14.448665
137230 , b , -16000 , 14.271999
137280 , b , -16000 , 14.180669
137330 , b , -16000 , 14.045999
137380 , b , -16000 , 14.325332
137430 , b , -16000 , 14.315334
137480 , b , -16000 , 14.463335
137530 , b , -16000 , 14.178000
137580 , b , -16000 , 14.205335
137630 , b , -16000 , 14.156000
137680 , b , -16000 , 14.144000
137730 , b , -16000 , 14.305333
137780 , b , -16000 , 14.061332
137830 , b , -16000 , 14.206001
137880 , b , -16000 , 14.222668
137930 , b , -16000 , 14.397333
137980 , b , -16000 , 14.239333
138030 , b , -16000 , 14.422668
138080 , b , -16000 , 14.416666
138130 , b , -16000 , 14.097332
138180 , b , -16000 , 14.221998
139211 , b , -16800 , 15.221331
139261 , b , -16800 , 15.137998
139311 , b , -16800 , 15.121333
139361 , b , -16800 , 15.415337
139411 , b , -16800 , 15.343999
139461 , b , -16800 , 15.134002
139511 , b , -16800 , 15.496668
139561 , b , -16800 , 15.151332
139611 , b , -16800 , 15.328669
139661 , b , -16800 , 15.091335
139711 , b , -16800 , 15.407331
139761 , b , -16800 , 15.080667
139811 , b , -16800 , 15.213334
139861 , b , -16800 , 15.452662
139911 , b , -16800 , 15.150665
139961 , b , -16800 , 15.299335
140011 , b , -16800 , 15.205337
140061 , b , -16800 , 15.302666
140111 , b , -16800 , 15.402003
140161 , b , -16800 , 15.282001
140211 , b , -16800 , 15.256664
140261 , b , -16800 , 15.184000
140311 , b , -16800 , 15.326665
140361 , b , -16800 , 15.052001
140411 , b , -16800 , 15.243333
140461 , b , -16800 , 15.225996
140511 , b , -16800 , 15.432669
140561 , b , -16800 , 15.088000
140611 , b , -16800 , 15.094668
140661 , b , -16800 , 15.138000
140711 , b , -16800 , 15.279331
140761 , b , -16800 , 15.419336
140811 , b , -16800 , 15.211329
140861 , b , -16800 , 15.259997
140911 , b , -16800 , 15.250666
140961 , b , -16800 , 15.141998
141011 , b , -16800 , 15.176667
141061 , b , -16800 , 15.216669
141111 , b , -16800 , 15.532666
141161 , b , -16800 , 15.644668
141211 , b , -16800 , 15.466666
142242 , b , -17600 , 15.956666
142292 , b , -17600 , 16.091331
142342 , b , -17600 , 16.214664
142392 , b , -17600 , 16.065998
142442 , b , -17600 , 15.784667
142492 , b , -17600 , 15.989333
142542 , b , -17600 , 15.981336
142592 , b , -17600 , 15.715998
142642 , b , -17600 , 16.017998
142692 , b , -17600 , 16.008663
142742 , b , -17600 , 16.122667
142792 , b , -17600 , 15.593997
142842 , b , -17600 , 16.130669
142892 , b , -17600 , 15.816668
142942 , b , -17600 , 16.048666
142992 , b , -17600 , 16.129333
143042 , b , -17600 , 16.161999
143092 , b , -17600 , 16.204002
143142 , b , -17600 , 15.943330
143192 , b , -17600 , 15.942002
143242 , b , -17600 , 16.049332
143292 , b , -17600 , 15.866001
143342 , b , -17600 , 15.928667
143392 , b , -17600 , 16.115999
143442 , b , -17600 , 15.852667
143492 , b , -17600 , 16.317333
143542 , b , -17600 , 16.254000
143592 , b , -17600 , 16.328665
143642 , b , -17600 , 16.443335
143692 , b , -17600 , 16.045332
143742 , b , -17600 , 15.926000
143792 , b , -17600 , 15.970665
143842 , b , -17600 , 15.847335
143892 , b , -17600 , 16.077999
143942 , b , -17600 , 16.142000
143992 , b , -17600 , 16.411995
144042 , b , -17600 , 15.966000
144092 , b , -17600 , 16.105999
144142 , b , -17600 , 16.195332
144192 , b , -17600 , 15.809334
144242 , b , -17600 , 16.180668
145273 , b , -18400 , 16.636000
145323 , b , -18400 , 16.835333
145373 , b , -18400 , 16.563335
145423 , b , -18400 , 16.789335
145473 , b , -18400 , 16.782663
145523 , b , -18400 , 16.408001
145573 , b , -18400 , 16.685335
145623 , b , -18400 , 16.413332
145673 , b , -18400 , 16.446665
145723 , b , -18400 , 16.701336
145773 , b , -18400 , 16.411335
145823 , b , -18400 , 16.615999
145873 , b , -18400 , 16.566668
145923 , b , -18400 , 16.651335
145973 , b , -18400 , 16.874001
146023 , b , -18400 , 16.747999
146073 , b , -18400 , 16.699333
146123 , b , -18400 , 16.887997
146173 , b , -18400 , 16.742664
146223 , b , -18400 , 16.522669
146273 , b , -18400 , 16.822668
146323 , b , -18400 , 16.224667
146373 , b , -18400 , 16.618002
146423 , b , -18400 , 16.590002
146473 , b , -18400 , 16.830002
146523 , b , -18400 , 16.680668
146573 , b , -18400 , 16.977999
146623 , b , -18400 , 16.784000
146673 , b , -18400 , 16.966667
146723 , b , -18400 , 16.633333
146773 , b , -18400 , 16.666666
146823 , b , -18400 , 16.613998
146873 , b , -18400 , 16.827335
146923 , b , -18400 , 16.882000
146973 , b , -18400 , 16.861334
147023 , b , -18400 , 16.821339
147073 , b , -18400 , 16.702669
147123 , b , -18400 , 16.624668
147173 , b , -18400 , 17.071997
147223 , b , -18400 , 16.709999
147273 , b , -18400 , 16.615999
148304 , b , -19200 , 17.570667
148354 , b , -19200 , 16.898666
148404 , b , -19200 , 17.341999
148454 , b , -19200 , 17.443331
148504 , b , -19200 , 17.445999
148554 , b , -19200 , 17.568666
148604 , b , -19200 , 17.395998
148654 , b , -19200 , 17.403999
148704 , b , -19200 , 17.548668
148754 , b , -19200 , 17.613335
148804 , b , -19200 , 17.485334
148854 , b , -19200 , 17.323334
148904 , b , -19200 , 17.309996
148954 , b , -19200 , 17.397999
149004 , b , -19200 , 17.438669
149054 , b , -19200 , 17.477999
149104 , b , -19200 , 17.536669
149154 , b , -19200 , 17.595997
149204 , b , -19200 , 17.454666
149254 , b , -19200 , 17.826664
149304 , b , -19200 , 17.515333
149354 , b , -19200 , 17.390001
149404 , b , -19200 , 17.298668
149454 , b , -19200 , 17.782001
149504 , b , -19200 , 16.999336
149554 , b , -19200 , 17.594666
149604 , b , -19200 , 17.448000
149654 , b , -19200 , 17.540668
149704 , b , -19200 , 17.390003
149754 , b , -19200 , 17.676670
149804 , b , -19200 , 17.633335
149854 , b , -19200 , 17.402000
149904 , b , -19200 , 16.962667
149954 , b , -19200 , 17.202002
150004 , b , -19200 , 17.507334
150054 , b , -19200 , 17.563997
150104 , b , -19200 , 17.607334
150154 , b , -19200 , 17.326000
150204 , b , -19200 , 17.392664
150254 , b , -19200 , 17.280668
150304 , b , -19200 , 17.599333
151335 , b , -20000 , 16.748665
151385 , b , -20000 , 17.181999
151435 , b , -20000 , 17.378664
151485 , b , -20000 , 17.166666
151535 , b , -20000 , 17.896666
151585 , b , -20000 , 17.344000
151635 , b , -20000 , 17.950666
151685 , b , -20000 , 17.546667
151735 , b , -20000 , 17.270662
151785 , b , -20000 , 17.129330
151835 , b , -20000 , 16.974001
151885 , b , -20000 , 17.426662
151935 , b , -20000 , 17.173334
151985 , b , -20000 , 17.548668
152035 , b , -20000 , 17.839331
152085 , b , -20000 , 17.501331
152135 , b , -20000 , 17.301334
152185 , b , -20000 , 17.381332
152235 , b , -20000 , 17.166002
152285 , b , -20000 , 16.897999
152335 , b , -20000 , 17.141996
152385 , b , -20000 , 17.341333
152435 , b , -20000 , 17.502665
152485 , b , -20000 , 17.682671
152535 , b , -20000 , 17.875999
152585 , b , -20000 , 17.499334
152635 , b , -20000 , 17.385332
152685 , b , -20000 , 17.521334
152735 , b , -20000 , 17.723333
152785 , b , -20000 , 17.336668
152835 , b , -20000 , 17.556000
152885 , b , -20000 , 17.588667
152935 , b , -20000 , 17.729332
152985 , b , -20000 , 17.590000
153035 , b , -20000 , 18.003336
153085 , b , -20000 , 17.217999
153135 , b , -20000 , 18.045332
153185 , b , -20000 , 17.771996
153235 , b , -20000 , 17.293333
153285 , b , -20000 , 17.432669
153335 , b , -20000 , 17.540665
154366 , b , -20800 , 17.694002
154416 , b , -20800 , 17.433998
154466 , b , -20800 , 17.993998
154516 , b , -20800 , 17.768667
154566 , b , -20800 , 18.124668
154616 , b , -20800 , 17.159998
154666 , b , -20800 , 17.737331
154716 , b , -20800 , 17.707335
154766 , b , -20800 , 17.685331
154816 , b , -20800 , 17.231333
154866 , b , -20800 , 17.672668
154916 , b , -20800 , 17.296667
154966 , b , -20800 , 17.284000
155016 , b , -20800 , 18.011332
155066 , b , -20800 , 17.488001
155116 , b , -20800 , 17.549332
155166 , b , -20800 , 17.535334
155216 , b , -20800 , 17.492662
155266 , b , -20800 , 17.594002
155316 , b , -20800 , 17.263332
155366 , b , -20800 , 17.141996
155416 , b , -20800 , 17.348669
155466 , b , -20800 , 17.490000
155516 , b , -20800 , 17.360003
155566 , b , -20800 , 17.603336
155616 , b , -20800 , 17.852669
155666 , b , -20800 , 17.737333
155716 , b , -20800 , 17.518003
155766 , b , -20800 , 17.698664
155816 , b , -20800 , 17.677332
155866 , b , -20800 , 17.377335
155916 , b , -20800 , 17.287996
155966 , b , -20800 , 17.539331
156016 , b , -20800 , 17.959332
156066 , b , -20800 , 17.534666
156116 , b , -20800 , 17.544670
156166 , b , -20800 , 17.030664
156216 , b , -20800 , 17.304001
156266 , b , -20800 , 17.140663
156316 , b , -20800 , 17.444666
156366 , b , -20800 , 17.256664
157397 , b , -21600 , 17.694002
157447 , b , -21600 , 17.945999
157497 , b , -21600 , 18.217333
157547 , b , -21600 , 18.393335
157597 , b , -21600 , 18.649998
157647 , b , -21600 , 18.550001
157697 , b , -21600 , 18.288668
157747 , b , -21600 , 18.389332
157797 , b , -21600 , 18.704666
157847 , b , -21600 , 18.456667
157897 , b , -21600 , 18.479336
157947 , b , -21600 , 17.836004
157997 , b , -21600 , 18.478664
158047 , b , -21600 , 18.312000
158097 , b , -21600 , 18.460001
158147 , b , -21600 , 18.748665
158197 , b , -21600 , 18.374001
158247 , b , -21600 , 18.784666
158297 , b , -21600 , 18.175335
158347 , b , -21600 , 18.273335
158397 , b , -21600 , 18.341337
158447 , b , -21600 , 18.434002
158497 , b , -21600 , 17.997337
158547 , b , -21600 , 18.269333
158597 , b , -21600 , 18.420002
158647 , b , -21600 , 18.361334
158697 , b , -21600 , 18.105337
158747 , b , -21600 , 18.068666
158797 , b , -21600 , 18.007334
158847 , b , -21600 , 18.624666
158897 , b , -21600 , 18.261999
158947 , b , -21600 , 18.109333
158997 , b , -21600 , 18.307333
159047 , b , -21600 , 18.705999
159097 , b , -21600 , 18.354666
159147 , b , -21600 , 18.359335
159197 , b , -21600 , 18.341333
159247 , b , -21600 , 18.433334
159297 , b , -21600 , 18.754004
159347 , b , -21600 , 18.053333
159397 , b , -21600 , 18.264000
160428 , b , -22400 , 19.478666
160478 , b , -22400 , 19.499332
160528 , b , -22400 , 19.445999
160578 , b , -22400 , 19.395336
160628 , b , -22400 , 19.528000
160678 , b , -22400 , 19.898001
160728 , b , -22400 , 19.285999
160778 , b , -22400 , 19.247334
160828 , b , -22400 , 19.285332
160878 , b , -22400 , 19.304665
160928 , b , -22400 , 19.771999
160978 , b , -22400 , 19.453337
161028 , b , -22400 , 19.494665
161078 , b , -22400 , 19.188000
161128 , b , -22400 , 19.150667
161178 , b , -22400 , 19.850666
161228 , b , -22400 , 18.887335
161278 , b , -22400 , 19.365332
161328 , b , -22400 , 19.448664
161378 , b , -22400 , 19.425997
161428 , b , -22400 , 19.926668
161478 , b , -22400 , 19.674667
161528 , b , -22400 , 19.151999
161578 , b , -22400 , 19.367998
161628 , b , -22400 , 19.282000
161678 , b , -22400 , 19.154667
161728 , b , -22400 , 19.638666
161778 , b , -22400 , 19.475336
161828 , b , -22400 , 19.394001
161878 , b , -22400 , 19.388668
161928 , b , -22400 , 18.868670
161978 , b , -22400 , 18.846668
162028 , b , -22400 , 19.056000
162078 , b , -22400 , 19.513332
162128 , b , -22400 , 19.242664
162178 , b , -22400 , 19.794001
162228 , b , -22400 , 19.217333
162278 , b , -22400 , 19.193335
162328 , b , -22400 , 19.739998
162378 , b , -22400 , 19.349333
162428 , b , -22400 , 19.589998
163459 , b , -23200 , 19.581331
163509 , b , -23200 , 20.165335
163559 , b , -23200 , 19.381998
163609 , b , -23200 , 19.725334
163659 , b , -23200 , 19.250002
163709 , b , -23200 , 19.656000
163759 , b , -23200 , 19.651997
163809 , b , -23200 , 19.268000
163859 , b , -23200 , 19.139336
163909 , b , -23200 , 19.332661
163959 , b , -23200 , 19.873999
164009 , b , -23200 , 19.723997
164059 , b , -23200 , 20.081999
164109 , b , -23200 , 19.782665
164159 , b , -23200 , 19.933332
164209 , b , -23200 , 20.226671
164259 , b , -23200 , 19.306005
164309 , b , -23200 , 19.655998
164359 , b , -23200 , 19.067999
164409 , b , -23200 , 19.445999
164459 , b , -23200 , 19.295330
164509 , b , -23200 , 19.920666
164559 , b , -23200 , 20.097330
164609 , b , -23200 , 19.777334
164659 , b , -23200 , 19.757999
164709 , b , -23200 , 19.684668
164759 , b , -23200 , 19.594664
164809 , b , -23200 , 20.117338
164859 , b , -23200 , 20.076668
164909 , b , -23200 , 19.733335
164959 , b , -23200 , 19.698668
165009 , b , -23200 , 20.128002
165059 , b , -23200 , 20.126667
165109 , b , -23200 , 19.996000
165159 , b , -23200 , 19.941330
165209 , b , -23200 , 19.849337
165259 , b , -23200 , 19.358665
165309 , b , -23200 , 19.418665
165359 , b , -23200 , 19.359997
165409 , b , -23200 , 19.509998
165459 , b , -23200 , 19.443335
166490 , b , -24000 , 20.334665
166540 , b , -24000 , 19.980003
166590 , b , -24000 , 19.691998
166640 , b , -24000 , 20.032000
166690 , b , -24000 , 20.280001
166740 , b , -24000 , 19.970665
166790 , b , -24000 , 20.455334
166840 , b , -24000 , 19.978666
166890 , b , -24000 , 19.846668
166940 , b , -24000 , 20.718664
166990 , b , -24000 , 20.011333
167040 , b , -24000 , 20.340666
167090 , b , -24000 , 20.600666
167140 , b , -24000 , 20.526001
167190 , b , -24000 , 20.129335
167240 , b , -24000 , 20.293997
167290 , b , -24000 , 19.838669
167340 , b , -24000 , 20.442001
167390 , b , -24000 , 19.768667
167440 , b , -24000 , 20.225998
167490 , b , -24000 , 19.826662
167540 , b , -24000 , 20.223335
167590 , b , -24000 , 20.206667
167640 , b , -24000 , 19.772001
167690 , b , -24000 , 20.512667
167740 , b , -24000 , 19.934668
167790 , b , -24000 , 20.468002
167840 , b , -24000 , 20.539333
167890 , b , -24000 , 20.183331
167940 , b , -24000 , 20.355335
167990 , b , -24000 , 19.826666
168040 , b , -24000 , 20.671999
168090 , b , -24000 , 20.047335
168140 , b , -24000 , 20.581333
168190 , b , -24000 , 20.218000
168240 , b , -24000 , 20.448002
168290 , b , -24000 , 20.031332
168340 , b , -24000 , 20.258665
168390 , b , -24000 , 20.526001
168440 , b , -24000 , 20.271997
168490 , b , -24000 , 20.421999
169521 , b , -24800 , 20.583338
169571 , b , -24800 , 20.601328
169621 , b , -24800 , 20.763334
169671 , b , -24800 , 20.688667
169721 , b , -24800 , 21.125332
169771 , b , -24800 , 20.538002
169821 , b , -24800 , 20.737333
169871 , b , -24800 , 20.428001
169921 , b , -24800 , 21.017332
169971 , b , -24800 , 20.500000
170021 , b , -24800 , 20.477999
170071 , b , -24800 , 21.033998
170121 , b , -24800 , 20.480669
170171 , b , -24800 , 20.501335
170221 , b , -24800 , 20.279997
170271 , b , -24800 , 21.023333
170321 , b , -24800 , 20.268665
170371 , b , -24800 , 20.809334
170421 , b , -24800 , 20.666668
170471 , b , -24800 , 20.986666
170521 , b , -24800 , 20.852667
170571 , b , -24800 , 20.661335
170621 , b , -24800 , 20.751333
170671 , b , -24800 , 20.827997
170721 , b , -24800 , 21.040668
170771 , b , -24800 , 21.120668
170821 , b , -24800 , 20.906668
170871 , b , -24800 , 20.971333
170921 , b , -24800 , 20.372667
170971 , b , -24800 , 21.138000
171021 , b , -24800 , 20.347336
171071 , b , -24800 , 21.352669
171121 , b , -24800 , 20.516665
171171 , b , -24800 , 20.671331
171221 , b , -24800 , 20.749336
171271 , b , -24800 , 20.848667
171321 , b , -24800 , 20.647333
171371 , b , -24800 , 20.385998
171421 , b , -24800 , 20.745998
171471 , b , -24800 , 20.941998
171521 , b , -24800 , 21.193996
172552 , b , -25600 , 21.002666
172602 , b , -25600 , 21.804668
172652 , b , -25600 , 21.161333
172702 , b , -25600 , 21.332005
172752 , b , -25600 , 21.289335
172802 , b , -25600 , 21.114666
172852 , b , -25600 , 21.666668
172902 , b , -25600 , 21.102667
172952 , b , -25600 , 20.928667
173002 , b , -25600 , 21.281336
173052 , b , -25600 , 22.071339
173102 , b , -25600 , 21.469997
173152 , b , -25600 , 21.190666
173202 , b , -25600 , 21.326668
173252 , b , -25600 , 21.601336
173302 , b , -25600 , 21.584665
173352 , b , -25600 , 21.429333
173402 , b , -25600 , 21.264666
173452 , b , -25600 , 21.344666
173502 , b , -25600 , 21.283333
173552 , b , -25600 , 21.537998
173602 , b , -25600 , 21.401331
173652 , b , -25600 , 21.490664
173702 , b , -25600 , 21.539331
173752 , b , -25600 , 21.510664
173802 , b , -25600 , 21.446667
173852 , b , -25600 , 21.743336
173902 , b , -25600 , 20.913332
173952 , b , -25600 , 21.553997
174002 , b , -25600 , 21.306665
174052 , b , -25600 , 21.227333
174102 , b , -25600 , 21.540001
174152 , b , -25600 , 21.200001
174202 , b , -25600 , 22.257334
174252 , b , -25600 , 21.522667
174302 , b , -25600 , 21.713333
174352 , b , -25600 , 20.990002
174402 , b , -25600 , 21.421999
174452 , b , -25600 , 21.564665
174502 , b , -25600 , 21.729332
174552 , b , -25600 , 21.848003
175583 , b , -26400 , 22.371330
175633 , b , -26400 , 23.286001
175683 , b , -26400 , 22.656666
175733 , b , -26400 , 22.678669
175783 , b , -26400 , 21.879333
175833 , b , -26400 , 22.937332
175883 , b , -26400 , 22.391333
175933 , b , -26400 , 22.418667
175983 , b , -26400 , 23.123335
176033 , b , -26400 , 22.789333
176083 , b , -26400 , 22.262005
176133 , b , -26400 , 22.433994
176183 , b , -26400 , 22.663996
176233 , b , -26400 , 21.935335
176283 , b , -26400 , 22.516670
176333 , b , -26400 , 22.444668
176383 , b , -26400 , 22.826000
176433 , b , -26400 , 22.428003
176483 , b , -26400 , 22.352005
176533 , b , -26400 , 22.564669
176583 , b , -26400 , 22.050667
176633 , b , -26400 , 22.450666
176683 , b , -26400 , 22.901331
176733 , b , -26400 , 22.463329
176783 , b , -26400 , 22.182663
176833 , b , -26400 , 23.112001
176883 , b , -26400 , 22.173334
176933 , b , -26400 , 22.590670
176983 , b , -26400 , 21.896004
177033 , b , -26400 , 22.711998
177083 , b , -26400 , 22.370001
177133 , b , -26400 , 22.033998
177183 , b , -26400 , 22.425335
177233 , b , -26400 , 22.360001
177283 , b , -26400 , 22.192665
177333 , b , -26400 , 22.135998
177383 , b , -26400 , 22.146004
177433 , b , -26400 , 22.314669
177483 , b , -26400 , 22.634001
177533 , b , -26400 , 22.338667
177583 , b , -26400 , 22.485996
178614 , b , -27200 , 22.680670
178664 , b , -27200 , 22.649334
178714 , b , -27200 , 22.358000
178764 , b , -27200 , 22.252005
178814 , b , -27200 , 22.561996
178864 , b , -27200 , 22.403336
178914 , b , -27200 , 22.134666
178964 , b , -27200 , 22.317333
179014 , b , -27200 , 22.496666
179064 , b , -27200 , 22.523998
179114 , b , -27200 , 22.773333
179164 , b , -27200 , 22.450668
179214 , b , -27200 , 22.583336
179264 , b , -27200 , 22.432669
179314 , b , -27200 , 22.248669
179364 , b , -27200 , 22.525999
179414 , b , -27200 , 21.829330
179464 , b , -27200 , 22.361336
179514 , b , -27200 , 22.446001
179564 , b , -27200 , 22.627331
179614 , b , -27200 , 22.329336
179664 , b , -27200 , 22.234665
179714 , b , -27200 , 22.260664
179764 , b , -27200 , 22.884668
179814 , b , -27200 , 22.603334
179864 , b , -27200 , 22.284666
179914 , b , -27200 , 22.488665
179964 , b , -27200 , 22.035332
180014 , b , -27200 , 22.450001
180064 , b , -27200 , 22.453999
180114 , b , -27200 , 22.473333
180164 , b , -27200 , 22.354668
180214 , b , -27200 , 22.458000
180264 , b , -27200 , 22.609997
180314 , b , -27200 , 22.507336
180364 , b , -27200 , 22.586670
180414 , b , -27200 , 22.428001
180464 , b , -27200 , 22.225330
180514 , b , -27200 , 22.162004
180564 , b , -27200 , 22.690004
180614 , b , -27200 , 22.261333